50 100
1110111110110011101000111110011101010100001011111101011111100010100101100011001100000110000001101101
0010011111111111111111111111111111111111111111111111111111000100111100101101000111101010000011100100
1010101001011111111111111111111111111111111111111111111111111111010111110110111001110000100000000001
1100001000010010101000111010010010011111111111111111111111111111111111111111111111111011110100010010
1110100001101110001110011100010011111111111111111111111111111111111111111111111111111010101010001100
1111000100000111111001000110011011100100000011011100000100010101110011000101001111100100011010011111
0110100000000001001100110000011100111111111111111111111111111111111111111111111111110011100000001111
1001001101111101000011101010001111011001011111010010101000001011111000011001011001011000011110101110
0010000100100000000100100001011011001110010100011111111111111111111111111111111111111111111111111110
0001110011011010110101111011110001111111111111111111111111111111111111111111111111110011110101010111
0010100110010000011011100010001101110100010111010110100110111100010001110111001101010001101111011101
1001010100100011010111011110101010101000110101101010011111010000010010011111010111110000010001101101
0011100000011010011000001110011101101110101000010011100011111101101011011111111101011110111001001100
1110100010000001001000100001111111111111111111111111111111111111111111111111111111110000110100001001
0101001100010010010110100110011010100001100000000111001100100101001001110100101001100000110101111000
0111011100000101101010100010101001100111100111111010000100011011100100101101001101101100011100011001
1100010001011001110100000110010010100000101100001110111000100010110110001010100100000001001101010001
0111100110000111111111111111111111111111111111111111111111111111110101110010111101100001011010100111
0001100011110001111111111111111111111111111111111111111111111111111101010000010111101001100111100000
1001111001101101011001001100001100110111110101100110010111101010100100110011000110001001010011011101
1100111010000000110010111111111111111111111111111111111111111111111111110100100011110010110011100100
1000111101000111101111011111000001101000111100000101100111010011011101110000000001001101101001010100
0110111000101111010001001011101001110011111111100010011010111000100011100000101001000101010110101100
0111010110100101111011111111010110111100001000100101010011111100010010010000010101010001010110011010
0001101111011001011001100110101000010010111101011000110110111100100010100111110010111100100010011010
0010101010011101011000110010101010000001101010101101111100011101000100001110110010010001000011001100
0001110011011000010011001110100100101011101010000011111000001011110100111111110111111010111110100101
1011111111010111001111000101000000001000110000000011101111010111100001000000110000001100010100001010
0110000001011011100101001011111111111111111111111111111111111111111111111111111111000000111110100110
0000111111111111111111111111111111111111111111111111111101011100100101110111110001000011100011000011
0001000111111111111111111111111111111111111111111111111111111111010000000010110111111001000111100110
0000010011101000000001010110111011001111111111111111111111111111111111111111111111111111101000011010
0011001111101011011000100101010111111111111111111111111111111111111111111111111110100100001011100011
0111100010100011101110011100010011111111111111111111111111111111111111111111111111101000011000100001
1001101010011101011000110011000101110111101111111111111111111111111111111111111111111111111111111111
0110001110011001010011100110001100001111001101100100111001000101101010100011110110101001010010010110
0000001110100001101011000111111111111111111111111111111111111111111111111111010111011011110101001101
1011011001101101001101100001111010110110110010110000001111110110110100010001110110101110100011000010
0110000111000001001011110000100000001010101110001101000111011110100001001001110000000011101011111011
1110001110101101010111100001000010000111111111111010110111100101101100111000001111010000010111111010
1101110110011110100011011001010011100101000111000111010010111000011101110101100001001101001000000000
1010011100011110101010111111001010101101010110001111111111011100101010101010101010000010010101111000
0100011100000111001110101101010101100001010001101010001111101110100001010110111010101000100001101000
0100101010000101101100111111001100101010110011001111111111111111111111111111111111111111111111111111
0011001001010001100101000111100100000010000011111110011011100011010010100000011000001100110010010110
0100111111111111111111111111111111111111111111111111111111000000111001000001111110100111000001111100
1101101000100111001100010101111111111111111111111111111111111111111111111111100011101010001111010101
1110110110110011110010011001100001111101101001111111010010101110111010010010100011101101110110101001
1000000110001011011100001110010011010010111101011000100110101101001111111101111100001001011101110100
1110001011111011111111111111111111111111111111111111111111111111010000101110011110000001000110000101
0010001011110100100110101100011110010101000010001101011010011010011111011000001001000111010111001001
1110010101000011001110011111111100111001011111111111111111111111111111111111111111111111111010011001
1011100000101110111000000111011001101110100101111111010110101110010110100000111011010001110011101000
1101010001111111111111111111111111111111111111111111111111110010111000001100011110011101011100001001
0111110000111100100010000011101001011111111111111111111111111111111111111111111111111101100010110110
0010101101011001111001110001110011100110010000101000011101011101011110000101100111111100110101000001
1000101111011111111111111111111111111111111111111111111111111001011011100111111010011000100000001000
1000001101111100000001010001001110011010000001111001110000100100010001001010001100101111010111100100
0000110001111000011111111111111111111111111111111111111111111111111110111110100110111111001110000010
1010101110101001000011111000101011110110111100001010111100001000011000111001111110110110111000011101
0010111010100000010001011101000111010110000001011000111011101111010001001101011011001101100010011110
0110000001111101100110100001110100000011111111111111111111111111111111111111111111111111011110001000
1010010111000010110100111110001111111111111111111111111111111111111111111111111111000011010100010100
1010111101000001000101001100010011010111111100001000001111101000101011100110100010101001111000111011
0111111101001001011001001001000010001111011111100110011110101001101111111101001100111010010010100101
1010010100111011001001010010110110011100000111001000010111111001111100001011011011101110111111111100
1111001010110100101111101101000001011000011100010100111010100010011001110011111110111100010110010101
1110110111000100100000111100010001100001101110100110101010110010000011100110000100011110001111001101
1011100110001001111010110011100000010000011111110010010101010001000001001010011000010111100011101110
0110110101100100011100111110101110111010011100001101011000000101101000110101111100111001111101100000
0110110011111111111111111111111111111111111111111111111111101101110011000010100100011101000110100011
1111111111101010100010010000001101001001000101010110011101011100000100110010000100010010000101100101
1000010000010101000011100000101111010110100010011101011101100101101101100100000001001101101101010110
1011101110011110110001100100010001101001000011111111111111111111111111111111111111111111111111000001
0000110101100110111111111111111111111111111111111111111111111111111010000001000110010111000011011011
1010100111111111111111111111111111111111111111111111111110100101001110010110001010011110110001010001
0010100101111011110011010010111110010100110110111111111101110000000011100100000000011011101101101011
0100101100101101011111010110011011111111111011010001011011011101001100010100100011011111011100111010
1001100000000110011110001111111111111111111111111111111111111111111111111111000100110101001001110000
0010011001011000110111101010110011010010110000101111110101111111101010110000101011000110011101110110
0000001001111010110011011001001011111111111111111111111111111111111111111111111111111111100110110011
0101011011101101011111100110000100101101101111111111111111111111111111111111111111111111111111001010
0111100010011110011010101011011101100011111111111111111111111111111111111111111111111111010010000100
0111111111010101100111001001000000100111111111111111111111111111111111111111111111111111111100111010
0111111111111111111111111111111111111111111111111110001101010100011000110011011001000100110101110010
0110001101011000110001001000100001110101101011110101000010111000110101001110011100010010011001000011
0001100110010010101110101001110100101101001100100111000110100110011101111101110101001111010110111001
0101100111001100000110011011110011000001110011111111111111111111111111111111111111111111111111100001
1101011001111111111111111111111111111111111111111111111111111010010010100001100001110110101100100110
0100011111111111111111111111111111111111111111111111111100111100110001101101110011110001101001001010
1110101010101010001000001100000011111001100110001100101111111011000001001010110001000100111000011111
1100011110010010000101100001111111111111111111111111111111111111111111111111101001110111100111001100
0110111110010000100001111101110111000010110110111110000011001001010011000110001101011101000100000001
0001100100100101111001111101000100011010001111001011111101010000111001110111101110001110101011010101
0111010101100110101011000100011010011010101111101010011011000111000100110111111010010011100011101010
1010111010000000010000011101010101110010101100001100110010010111101001100100000000000110110101101111
1010001110100101010001000111111111111111111111111111111111111111111111111111100101111001010110101001
0010111110010101011011000100011111110001111111111111111111111111111111111111111111111111110000110111
1010110011101010010111010111111111111111111111111111111111111111111111111111111011101100111101101111
0101111111111111111111111111111111111111111111111111111110101001001101011010110110111100011110101010