50 100
1010010110100001011001000001100100101010111100001000101100011101100010110101110101101001110000010100
1010101011000101111000001111111111111111111111111111111111111111111111111100010100100100010101101001
0010010110100100011001111000101111111001100110101011101001110101011011100101001110101001010000110101
1110010101101100110110110110000100001001010001100101000110110101001101110000111000010010100011111000
1101010101111110011110010011111011111000111101101101001111101011101011010100010100101011011000110101
0000100111000010010101001010111111111111111111111111111111111111111111111111111110010100100000001011
0001010011011010011100001111111111111111111111111111111111111111111111111111111011001011010110101011
1001101010111111010001111010110111111100100110010000100011110100011010000010110011100110101110101101
1100100100110001111010011100011111111111111111111111111111111111111111111111111110000110011011111111
0110100001011010011001101001001001110110111000110111111111111111111111111111111111111111111111111111
1111010111111111111111111111111111111111111111111111111111110011110111110001011000010001101000011001
0111101001101010011100000001011110010100111100010010111001111000110100010101000001110010101110000001
1000000111111010101110001010000000001000001010000100010100100110111110001000010100001000001000110110
1101010011010001111001001001111111111111111111111111111111111111111111111111111100011110010101011110
0111010111100000111001010011011110001011001101100110101001101101000100010110000100100101110100110110
1001001001110100010010101001000101000010010000111101110100101101011100011111100101011111101101011001
1011100110000110010100110101101100100101100100111100101001001101001111000111011001011110001101000000
0010001111010010010000100000011100001000100000000000101100101001001011011110100110000101001111010110
0100100110111111001101110011110111000001010110100000101111101111000010000010010101000110000100100100
1110011110110100111100111011000111000101101101010111101101011110010000011110011100110101100000111011
1100010011010101000101001011001100001111110111101001000011110100001010101001000111101000111010100000
1001001100000101010100000001111110100101011111101100000111010010010001010101101111010001011101011011
1110000100011001000111101111010010001011101010111111111111111111111111111111111111111111111111111010
1100101110110110000001011000111111111111111111111111111111111111111111111111111101110101011100100000
1111101000001010000101110001000000100101101111111111111111111111111111111111111111111111111110001101
0000111111111111111111111111111111111111111111111111111110011010111100011101101111100100100010010000
0101100111110011111111111111111111111111111111111111111111111111111001001111001011001101011110001010
1100001101110101101100100001111110000101111111111111111111111111111111111111111111111111111000101001
1111101011010001010110111101110110111011110000001000011100101101011100100001010100110100111000011010
1001110111000001110110000001010000001010000001001111011011100000101110101001000100000011001001111110
1011110001011100101001100010111001111111111111111111111111111111111111111111111111111000001110100001
1010100010010001011010010111111111111111111111111111111111111111111111111111110010000010100100111001
0100001111001011101111000111110011111010110101010110111010100110101010111101100100111000110101101010
1100011010100100000001000000011000110010010011011101011011111011010011001010000110110011010010110111
0011010110111101001001101011100110111000110011111111111111111111111111111111111111111111111111110101
0100110100001101001001100011011011100000101110001001110011000101100010001111011111000110011000101000
1000100001110111001100111111111111110001010000000001101101000011110001000001010010011011101101111111
0101101001000101101011011101101100111101111111111111111111111111111111111111111111111111110101010001
1110011001000101100000000100011000000000111011011001011111000111010101011111010111011010110101110101
1010001101101101101011101100010100111011001001111011000110010110001101100001010000011001011011001101
1001001001000000111000101010111010111011011111110111110011101110111100001110010100011100001000000010
0111111111111111111111111111111111111111111111111111110000010011011010110000100011100010101110010110
0111100000110000001001010011110101000001011111100101101111000000110111010001100011001011101011001100
1001111111011111111111111111111111111111111111111111111111111110111001100110001101011011100010001011
0101010100001000011110011010110111111111111111111111111111111111111111111111111111111010001001101110
1101101101100010111111100100011010000000100101000110100001110100100101110100101110001001001101101111
1110010111000001111111111111111111111111111111111111111111111111101000000000001101010100111001101011
0010110101101100011111111111111111111111111111111111111111111111111101001011000000111101000101101010
0011101100111001101101001111000100011111111111111111111111111111111111111111111111111101110110001000
0111000111101001110110000101010111101101100011111111111111111111111111111111111111111111111111111101
0001001001001110001100001111000001111001111111111111111111111111111111111111111111111111110110110001
0010101110011011001100011001110010110000100111111111111111111111111111111111111111111111111110010100
1000100110101101100011110110011000010000000000101100011111110101110011011100001010010010011000000100
1100001001100000001010101010111111111111111111111111111111111111111111111111111111110110010011111011
1100010011011110010011111111010111111111111111111111111111111111111111111111111111110100010010111010
1101100111100011100011100011111010101010100110100000011001000111010100001011111110110111111001000000
1011000011100110011100000001010001000101010011000001100000000110001000101000011111101000011110011111
1101111110000101011100100010000111111111111111111111111111111111111111111111111111111110001000010010
1111010011011011110110011001111001111011010000110100001000001111111100010011100000110001010101100100
1000111110110000011111111111111111111111111111111111111111111111111111111111100010001011011010101111
1010101010001000101001101100100101010110011010011110000010100110001100110011111000000001111011101000
1011011111111100111011011000100011101010001000100110000011011010100110111110001111001100010001111111
1111100000111011001001000111000100010110001000101111011101111111111110101001111110010000001110010010
0110100100111010011110000110011110101100001101110110101111110111111110011111000101101111000011001010
1111110000110111111101011100111100001100000001100011000001000100000111010010110111011110111000001110
0110111100111010010001010011100000100111011111010001001110001101111001011001111110011000110100101111
1101000011000100010000100001111100100000110101111011000100010100101001001000100001000110010101001010
0101111100100011011001000111100001011111111111111111111111111111111111111111111111111111001011111100
0110100010110101000100010101100010001111111111000001101001110100100010101111000110100111100011110110
1001001111101010010011001010010011001000101010100010011011000001010110011111101010111011101101001101
0110011100100101010111000110011111000111010100001111100011110011001010101011100001100000101110000010
0000000001001000110101000010101010000000101001011000001111111110010010010101000111000100100110011001
1010011000111100100110000100001110000001101000010010101110100110011100111010011011010001101001010000
0001001010110010010111011111111111111111111111111111111111111111111111111111110101101001100000010101
0111011100000000001100011010011101010101001010001110100010101110101110010110011011101110100110010000
1010010111111111111111111111111111111111111111111111111111110000010011000000101101000101001000010101
0001111110110101001101100100100001000000110100111000001011010010011011000010010001000100001101011010
0011111100110101101100001101111101100101101001000000111110001011100101001011010101001110001100011110
0011100010111110000111111111111111111111111111111111111111111111111111111101010100001001001011110101
0111000110101111110110011110000000010110110010001011000100111001100000101011110000101110001010101000
1101111111111111111111111111111111111111111111111111111000100100101101100010111010101110111110110110
1010111101011001010001100000100111011111111010010110010110101100101001001001000000111000011011011111
1011100011101111001110111111111111111111111111111111111111111111111111110000110101010100010011110011
1001101011011100111110101000000000100110011101110111111111111111111111111111111111111111111111111110
0100100010100110111111111101000010011110000011110110010001011101010111011001010101101101010111000001
1110100001100010110011010100110000000000111101100010010000010001001101001001000011111101000010101101
1100001010011110001101110111110011011110000100001100001110010011011011001010100111101110011001010000
0000010001110101000010011110111001100111110010011111001001001010001100100011000010010100100000010101
0101111101010100011111011101010100000001110111111111111111111111111111111111111111111111111111111011
1001111110111010001001101100101010010101001000001101011111111010011101001001110001110011111111100000
1111000101000111001001001100101011001010011100011111111111111111111111111111111111111111111111111110
0110010111000000010101010110001001011110001011100011111001111001110010001101111011000110101011001100
0000101000100101011010111111111111111111111111111111111111111111111111111111010101001010010011101100
1000001110101001000001100001000010000000001000100000011111111011011100111100110011101010101001010001
1000000001001001100011001000001110011010110010111111000100011100001110001110000110011001110110001110
0101111101110100100010101010000100101000000001110011000010101001011110111110001101101110001001101011
1010100000001110011101110010000001001101111110011101101000000111110001101011010111101110001010000011
0001111110101110011110010110101010000101101110001100110000101100111100010010010111101011001110100111
1000101010100000000101010001101110001000000000111111011101111111110010010000000101010111010110010101
0111100100110100000010101000000001111000101010000110010110100100100001101101101010011110010001100011