50 100
1011111111111111111111111111111111111111111111111111110110000101110101111001001110010100111100100100
0011011110100000010110011001101110111010011101100111111111111111111111111111111111111111111111111110
1011000100011001111010011110010110110100010111111111111111111111111111111111111111111111111111100100
1101011000011001111101000100111010100110010000101111111111111111111111111111111111111111111111111110
0101011000111110100001101101101010101000011110101100101110010001000011100000001101110011110100000100
1011000110011000111111111111111111111111111111111111111111111111111100011000011100011000100001001111
0110100011110101001011000111001001100110100110100001111111101001100111000001110001000101000011110011
0011011111110001100101000111111111111111111111111111111111111111111111111111111001010000111110001001
0011110001001101010010110001101001100010110100001011101011011100001110111001100100101000000001001101
1110100111111111111111111111111111111111111111111111111111000001101111111010010001011111011000001010
0011110111111111111111111111111111111111111111111111111110110000100110100011010111101111010010111001
0100010000000100101111111111111111111111111111111111111111111111111110010001010011111000010110010011
1001111111111111111111111111111111111111111111111111111100010010101111010011110101111001010000111110
0011110001100100100110101010111111100001011111111111111111111111111111111111111111111111111111100101
0010100001101111111111111111111111111111111111111111111111111111000101100000111101111001110110101111
1100101011100100101001101100011110001101101101010111001111010001000000011100011001111111001000111001
1001111100010111001011100110001100011101000001100101010000011010100001010100000101010111100001111101
1000001011100110111111111111111111111111111111111111111111111111111111100000010111111100110000010010
0110000011001001100100111010101000001111010011111011110010101011111011010100011000100111100111100100
0111010010101001000011000101011111111111111111111111111111111111111111111111111101011011100000110101
0111100010011000111001010000110011101101011111111111111111111111111111111111111111111111111111100100
0110110111001101000000001011111101001010101101100001111101000110101010100010000101101101100100010011
0100110110110101010111001100101001000101000001001101011011111101101010010010101101110001001010100101
0001001001111111111111111111111111111111111111111111111111111110001011000110111100000111110100101111
0100111001100101010011010000111111000100000110010011001000001011001100010001100010111110011010111011
0100100000111011011101111010111111111111111111111111111111111111111111111111111111111000110000001001
0100111110101001011011011011111111111111111111111111111111111111111111111111111001100100010000100000
1011111111011111101000100010000000110100111111000010111001100110100100001000110001101110100111100010
1001110111010100010100000100000110111111111111111111111111111111111111111111111111111011111111000101
0000100000101000110111001001100100011100111000000101111101011000101000100101111010101101001101110100
0110001010010000010011010101000110110110010110000110010001010011111110011101100110101000110011100100
0101000111100011101100110101111111111111111111111111111111111111111111111111110011000011110111001000
0011101001011000111011111001010111000111010000111011011111011011110011100000100010101010001011010011
0011101001111101010110000010111111000001011001011000101000010111010010110110101000100001111010101110
1111111111111111111111111111111111111111111111111111100101001001101111110000111011111011010010000101
0111001101011001011110010001011010100000111010001011101101110100010000110111010111101101001000101011
1011000001000010100110000001010110101010110000000100101100100110111100011001010011001110110100111111
1100010000000111110000100110001100011010001000101010111000011101110010010010000111001110100011000111
0100000000101111011111111111111111111111111111111111111111111111111111111000010100011110110001011110
0001001001111000010011101101110101001111001001110000010101011010001111100011000110110101011010111111
0011011111111111111111111111111111111111111111111111111100111011111010000100010001000101001001011010
0110111111111111111111111111111111111111111111111111110010010111111100011100010111010111001100110000
1010100111111111111111111111111111111111111111111111111111110001000001100101101101010111000110100001
0000000110100100010001101110010011110110011000000000110101001100110101011101111101001110011000011010
0001001111100011101110110101101111111111111111111111111111111111111111111111111111101011010100000110
1100010110111100101100111001110110101110000110011011000111000000011100001011110011111001010101100011
1111000110010111010010001001011101001010111111111111111111111111111111111111111111111111111111011010
0001111111111111111111111111111111111111111111111111111110110100011000000111010001000110011110101000
0000011011110000001110001111111111111111111111111111111111111111111111111111111001101100100011111100
1110100010011100011010110110100100001100001010011111111111111111111111111111111111111111111111111110
0101000110100110000100001100011100111000110001010100001111100110000110110100011110100001010110011000
0110110101001111111010101010010011010011011111111111111111111111111111111111111111111111111110000101
0111000000000100001011111111111111111111111111111111111111111111111111100011010101111101111111011111
0000000111000100101011101111111111111111111111111111111111111111111111111110111000001110001110011100
1100000101111010010000001011110111111111111111111111111111111111111111111111111111011100000011110000
1011100111101010100101100101010110001101011110101010000110111010010110000010110101101001001000000101
1100001100010101110110001001101111000100110101111011110000001110100011111100001010010110101110100111
0111010110101001111101111111111111111111111111111111111111111111111111110000011110101110000100111110
1010110001000110001100001100010001100101100100110111111111111111111111111111111111111111111111111111
1000010110011100100011110101010001100100111111000101001001110001110101111110010100000100011110011010
1111111101100100111111111111111111111111111111111111111111111111111010011101000010110101101111000110
0010101011110110100001110000010010011011000110001111000010011100011110110001110111100000100101100100
1011000000111111111101010001100101110000110001001100000101010100110010001101100001001001010101000110
1000011000001011001100110010011111111111111111111111111111111111111111111111111110001000100000001000
0111100101101011001110100111000101111000101110010100001100001100001000010101101000011111001000000011
0011110011001011011100111000111011111111111111111111111111111111111111111111111111111110111000011101
1001110110101011000000001000011000011101101111000100110100001001010000011000100100110101000010110001
1101000110011111100011111111111111111111111111111111111111111111111111011011111110101001100111010011
0111111011011011101011001011000011111011111011110000010101011001000011101000111010111001000011010100
0000101100111011110101111111111111111111111111111111111111111111111111111111111000011001011001110100
1001110110010110011100110000110110001010011000101010001110001110001100111011000101001010000101000111
0001000001100101100001111111111111111111111111111111111111111111111111111110000100110110000110110010
0000101100110101101011001011010101101111111111111111111111111111111111111111111111111101110011100111
1001111100000100110100000010110110011111111111111111111111111111111111111111111111111111011101100111
1101011100011001000001101010011011010011010011111000001001000001010111100001101111110000010011100101
0100111010011001001110010110100101111111111111111111111111111111111111111111111111111100101100100011
1010011100101110110100100011100000101110111111111110111011111001010111001001100010101110101000101110
0001100011111110001011101010000111100011101110111100110110111000111011101010101101011010100001010001
1001010100101011101001111101010110100000001101000011010010111100110111111100000010001011000110011110
0010001011111110000100101100011111111111111111111111111111111111111111111111111101000001101111010010
1011010111110101111000101111100100000000000010101010001011010101100011101001011001001111100100000100
0111000111111101011011100111111111111111111111111111111111111111111111111110111100110010101000000001
0001001011101000100011010010100000000011001000010000011101010111100000100110010100101100100111100010
0010110011110011010011001000110000100100010010010111011001111100101000100100110000010110001111111110
0100110010111101111111111111111111111111111111111111111111111111110101010001100011011010001110011110
0101101111111111111111111111111111111111111111111111111101011110000101100010111100000011010101100111
0111010010010000111010101110110111000111111111111111111111111111111111111111111111111110101001100000
1111011011101000001110110111011010000011111111111111111111111111111111111111111111111111111111001010
1011101011001001111010110101011001110000001011010111000101011001010000100010000010101101110010101000
0011111001110111111001101010111001001100101010101001110111100111110111001101011101000001111010111101
0101100011101100001100000111110001010001000010001000101001101110101110111101000110011001011000101101
1010001011000101010010101111111111111111111111111111111111111111111111111111101000011000011010011011
1111110101001111111110100101111000111111111111111111111111111111111111111111111111111100100110110001
0110100011011011011000011010100001011001001010101100111011011011000000100010110011001101111001011100
0010000101011001011111111111111111111111111111111111111111111111111010000000000100000110011111111110
0110001111101100101010101100000111101100010001111111111111111111111111111111111111111111111111111000
1001110000011011011001010001001010000101011100001110011001101011111111110001000100111010111010011100
1101100011000100000110011111000010011000111010111111111111111111111111111111111111111111111111110110
0111110011101111110000011011001110110000000111011111100001001100110101011010100110101010001110001000
1011110111100110100101010000111010110111101111111111111111111111111111111111111111111111111111110000