50 100
1100000001111100100001001010110110011010100110110110110011100111101100110101001100100010010001101001
0111100001101000000000101001101101111111111111111111111111111111111111111111111111101000010110001001
1110100010101011000110011001101101110110101011111111111111111111111111111111111111111111111111001101
1100111100101011111111111111111111111111111111111111111111111111110111100000110110000001110111010111
1111100100101101111110100001101100011110000001111011111101000111101000100111110010100011110000001011
0110000011100100000000001101000010011100111111111110110011000110011110110001101001000110000000000010
1100010111011011010010111101011001010111111001111111111111111111111111111111111111111111111111100010
1010000110000011110110110111100111100100011111111111111111111111111111111111111111111111111101101001
1000100110100100100000110101000101110010100110101111011001000010000111111101101010001101000101010110
0001111010100111100011101110011101010000111010111110110101100111110011110111011111110010110000111000
0010001100110000000111100000101100110111111111111111111111111111111111111111111111111110111000101100
0110101111000010110001111000111111010110000010001011101011001110110001011110011010000001010111010010
0011001000111101011000001011100100110010101111100000001010110010100111110000111100101000001100101100
0101001111100011001100000011111111000110111000110101111010111001010111101000111101101101011000010010
1010111010001001001010000111111111111111111111111111111111111111111111111111111101010101111000110010
0000100111010100001001101011111101011011110101110010101111011100111000000000001110111011111001111011
0000010000011011101100100110101011011000100111111111111111111111111111111111111111111111111111110000
1100100001011000001011000010110101011001000011000111011111111100000111111001100011111111010111101000
1111111011011101101011000000101101010001010100101010111000101110100100101110110101001100111101101101
0111101001010011111111111111111111111111111111111111111111111111111100001010010110100111111111010100
1000100100110100100100010001101100101010011111010011011011110111101000010100010111011000110111010110
0011011010101010101011111111111111111111111111111111111111111111111111100000001011010011101001010011
0010111010101100101011111111111111111111111111111111111111111111111111100011010110001110100000011010
1100100001111000101000001111101110101001111100010111100000101111011010111010000101000001010010110010
0010111000011001010010111111111111111111111111111111111111111111111111111100101001111100001000110000
1111100011111011111111000110000101100011110000101000001101010011111010000110100101110100100010100000
0111010101101001000001011100110000100001111111111111111111111111111111111111111111111111111111000111
0001001100101110001101101011110111010110111110110001001110001101101111011011100000110000000010110000
0111111111111111111111111111111111111111111111111110101001100101101001010001000000100000101111011011
0010111011000101101000000011110010001001000000101100111111110010001101011100000100001111011001000001
1010111010100001001010010010001101110111011111010100010100111100111000110010111011110111001000101100
0011010111111111111111111111111111111111111111111111111111000101101001000100101111111111000100111110
0000000111100010011000101001110111000001001101111111111111111111111111111111111111111111111111110111
0101101000100000110101001111010101111101100111110011111001111111000000110001110001001001101000010110
1111110110101011010000111101001011101101101100010100001010101001001101110000010111101000110110000001
0101000111001100010100010101011111000010001011001001010110001001011001000001110001111111011011111100
0010011100001101111110101110011000110111111111111111111111111111111111111111111111111111000101100010
1001111110111110100011000011010000011110010011010011011000000101010000110000000111000101011010101100
0000101110011001111110000011111111111111111111111111111111111111111111111111001100000010001101101100
0101001011101011111111111111111111111111111111111111111111111111111000100010100010110010000111000010
1100000001001011101101100101111111111111111111111111111111111111111111111111110101001100000011010010
1010100000111110010010001111010100010110111011011001111101110100111010001110010111011100100011111010
1011100000011000111100101010110001100101011111101111011111111111100001101001100011001101010011010001
0111101001111010011111111111111111111111111111111111111111111111111001001100010011001011011110011110
0000010010111001010100111001010011000101010000111001111100101101001001111001011100010001100100111010
0110100010010100010000001011101111011000111100000100100101101010011001111111001010110101101100100100
1101110001111011101010010011011110110010111010001010001101110001010110100111001001110111000101011111
0010011111111111111111111111111111111111111111111111111110101100111100011011100101101101110010110000
1111100111000000110101110100000001010001100001000000110001010001110101110011110001000111011001001101
0111110000011011110101100000011000010000011110010101110001000001011111100001101001010111010100101010
1011000011100000000010000001100101110111011010111111111111111111111111111111111111111111111111110111
1000111010001110110001100100110011011001111111111111111111111111111111111111111111111111101111100110
0000000110011001111111111111111111111111111111111111111111111111100011110001100111010011101000111000
1101010100000111111111111111111111111111111111111111111111111111100011000111110011111100100000101000
1011110111101000011011101000010110000100001001111011111110110100010111010000111010100100001010101101
0000011001101111111111111111111111111111111111111111111111111110000101000111110010100010010101101011
0111011100010011000101011111111111111111111111111111111111111111111111111000101110011101010011110111
0011011101101101100101011111111111111111111111111111111111111111111111111100001000111000101101110111
1100111100011100110110110001111011100100001100100011100001011110011100001010010101001101111011001111
1100100110111001110000100111011100011101101111111111111111111111111111111111111111111111111111100010
0101110010010111110111111100100000000010000111111111111111111111111111111111111111111111111110011000
1101110100111000110100010100100110111101001101111111110001110010011011010110011101010011010000100001
1010111101010001111011010101101001111111111111111111111111111111111111111111111111111000001001000111
1110011101110111011001111100011111011111100000111100111010100011100100011101110101001011001110101010
0101001000111001011111111111111111111111111111111111111111111111111010110101010000110000110011000000
1001111100100001101011111100010111111011110000001110111101010001111111111011010000000011111100101111
0100101011100010000000001110111011111000101110100100110000010100100011100101110001010101011010010000
0111111111111111111111111111111111111111111111111111010011100101101101100110110111101101100100010100
0100100101000110011010110010001001011111000100011111000011100001000100010101111000011110101111110100
1111111111111111111111111111111111111111111111111100111101000101011111010010101000001000101110001000
1101100000110000110110010011111100001111100011101101010000111011010000110000111101111001001111010010
1110000001011110100011101111101101001011010100111111111111111111111111111111111111111111111111111110
0110000111011100000010001000010000001000100011111111111111111111111111111111111111111111111111101111
0111100110101001110111100110001011011101001011100101001011000001100000000101101101001010110110101000
0010101011111111111111111111111111111111111111111111111111101000001110001011111001101001111110111011
1111111111111111111111111111111111111111111111111110111111001101011001110010011000011001000111110110
1110001111110101010000110101100001000101110101110011101001101101010000001001100011100101001110111011
1110101101000001111000011100111001100100000100101111111111111111111111111111111111111111111111111110
1010101000000111011111111111111111111111111111111111111111111111111111001111100011101010000101000111
1100111001111110000111000110111011100110101111111111111111111111111111111111111111111111111110101000
0111010101000000000101110011001111111111111111111111111111111111111111111111111100011001111111101110
1101010001110010100010010000111111111111111111111111111111111111111111111111110111101010100111011001
1100001110000011111111111111111111111111111111111111111111111111111110000000111111100001110111001100
0110011010011011100100001011101001010111111110111011010010111011100010100000000111100011010110100010
1100000110000101011111011100001110010011111111111111111111111111111111111111111111111111100000000110
0010000100100111111111111111111111111111111111111111111111111111111101111010111110011110111100110011
0101000011110111111001110001111111111111111111111111111111111111111111111111101010110111011111010100
1001001111111011100101100110101100011111100111011011110010001101100110011111000001101101110110010000
1111101101111001111000010111000011000111101010010001111001110011110001001101011111010100111111111100
1000010111011111011010110111100111101001100011111010000100111010100010111101011101011010100011011000
0101011000110111011000011001010011011101000000110001111111010100100100010110100100001001010011111101
0010111111111111111111111111111111111111111111111111111001000000100101011110000101110101011100110001
0110011011111111111111111111111111111111111111111111111111101100101011100101001000011001111101101100
1000111111111111111111111111111111111111111111111111111110100000101111111010111100110010111100110101
1100111001010011011111001111111111111111111111111111111111111111111111111111111101110000010000100110
1001011111111111111111111111111111111111111111111111111111011101111001101110101110100001101101100111
1101101011100000010001100111000110111110101000110110000111111111111001000111010011001011010001100001
1111111111111111111111111111111111111111111111111110111110000011100010001000100001011100011010101110
1011000001001010011111111111111111111111111111111111111111111111111101111111100011100000110011001010
1000010000000011010110110110000010001001111011111111111111111111111111111111111111111111111111010001