50 100
0100111011110101000011101100001100110001111111111111111111111111111111111111111111111111111100000011
1111110000100100111111010011010001010000110010111101100100001000110100010101011001100001001010000110
0010100001010010110001111010111000011101100010000000000110000110101100100110011111000010101010100101
0111001001010110110101010011111010101101001111010100101010010000011011111100100100000100111001101111
0110111011010010000101110000100101000010000000110101010101011101111000110101010100001011110110011010
0100000110000110111010111010011010011110001001010010001010101011110111111110000101010000001001001000
1010001010010011110100011111111111111111111111111111111111111111111111111101010111000010001001011001
1110110101101100100101000011001011011000100101111101000110101110010001100011000000111001101101100110
0011111000011110101011111010100010110001111000111111111111111111111111111111111111111111111111111100
0110101101010010101111111111111111111111111111111111111111111111111110111010100001110110010111001111
0011111011000111011111111111111111111111111111111111111111111111111111100011010100001110101000000111
1110100011111101001101100001110111100000100010011010011011100011100011101111000000010001110100000100
1000010100101111100000100000100101100010110011111100001101010110001110000011011010010010101100011001
1110110011110001011111111111111111111111111111111111111111111111111111011110010001111000101100000001
0011101110101011101010011001011001110111111111111111111111111111111111111111111111111111111101001110
0011111001110110001011101101010100000111011100001100100100101110001010100101000011111001100000001110
1011101100100010100101001000101101001110100000011111111111111111111111111111111111111111111111111101
1001010010110001111101011101010110110001011000101001001100010111101110111110100001101011010011010110
1010001000000011111111111111111111111111111111111111111111111111001000111011110100110000001011110001
1011101110111111111111111111111111111111111111111111111111111111011010001001111001111000101001001100
1011001111101111110001011101000010010101101111110101110100100111000100010100000110101000001111010011
0100111010000011111111111111111111111111111111111111111111111111001010000011111101101100001000001001
1101001111111111111111111111111111111111111111111111111111101010101100010011101010101111100010000000
0101011011110101100000001000010000100101100101011111111111111111111111111111111111111111111111111110
0010111000000110011011101100000001000011111100100010100110001010111000110100100000111001110001100010
1000000100100001001001011100101110110111000111011011110000000110110100001111011010011100011111010110
1100011110010011010011101101000110100010111111001101011111011101110011011010100011101101011111101011
1110111000001111111011000011010110011111111111111111111111111111111111111111111111111110100101011100
1001101010011001111111111111111111111111111111111111111111111111111101001010101001101110011111001110
1100101011011100110001101101110101110011100100000111100001000001111111100011101110101111100100001011
0111100011111111111111111111111111111111111111111111111111111111010110001111111100100000010010110111
0111111111111111111111111111111111111111111111111110000000000100110110010000010001000010000000001110
0110011111111111111111111111111111111111111111111111111111000100000000011101111011001010011100011000
0011000101111010101110101000011001101001000110011011000111001110101001101100111001001101011010010100
1101110110001100110000110010110000100111011001110011111111111111111111111111111111111111111111111111
0000110000000001000101110010100110011000001101100001001101011111001010111001110010011001000001101101
0111111011010000011111100111111111111111111111111111111111111111111111111111001111010101111101011000
1101011011011110101011110111100011110001010110110100011100000011110110110100010001001100100100110110
0011100011010101010000000011100011010101011110001101110110101000001101111010010000010100011001110011
0001000001010001011111011001001110010010001011110110000100000110000010100001010101001110000101000001
1100101110101110111010011111010111111111111111111111111111111111111111111111111110110110010011001001
0111000010100100010011010101001001111111111111111111111111111111111111111111111111111101111110000010
1111110101000010100000100111110011111110000011011101011101111010111110000010011001101111100101001001
0010111001101100010110110110010110011100110100011011111111111111111111111111111111111111111111111111
0111000010110011010101101100110000000000110001100010011001010010100001111010110100001111111111000111
1110101101011100010001010011111000011100011100010110101100001010001001010111001111000110001011011101
0011101001010001011101100001100100101001110111011000000101101101110011111100110000100101010110011100
0001110001010100100000111101101110001011011011111111111111111111111111111111111111111111111111100110
0110000110000101100101001101000100110111111111111111111111111111111111111111111111111111101100111001
0111010001000111111111111111111111111111111111111111111111111111011100111101011110111001110010011110
1111111111111111111111111111111111111111111111111100010110011011010110011011011010001111001100000001
1010011001101000110111111110000110100111110000011111111001111111001001110011101100001111100101010101
0011011101100111101101111010001111111111111111111111111111111111111111111111111101110100100100001100
0010100111010101111111110110011111111111111111111111111111111111111111111111111110000110011100111010
0111000110000101101011110000011111111111111111111111111111111111111111111111111011010111100100000110
1000111011001111010001111111111111111111111111111111111111111111111111111110111001101000111001110000
0010110000111011110110010010111111111101101111010100100101111101111010011001111011011110001011011001
0011100101100010110001100010000001010011100000111101110110001010010101111010100001111010111100111101
0101011000000101101001100101111111111111111111111111111111111111111111111111110110100011010100010100
1010001111011101010010101001000010010110101111110010001010000000111000010100110100111001100101000101
1001111101110001100111011110010111011110000110000111111111111111111111111111111111111111111111111110
1100010111110101110010111111011111100010110100011010101001011111111000110101001001001000110100001110
1000100001111111111111111111111111111111111111111111111111111110110101100101010111010011011100000110
1110111000110011000111001110110001011011101001100100110110011000101101001001011001001001001110100010
0000000000111111111111111111111111111111111111111111111111111111100111100110011011011010100000011101
1101001101100001000110000011000101111111111111111111111111111111111111111111111111110001100111001000
0110110010100110011010001110000110000010011110001111000011000001011000011101101111101110001011111000
0010011011101110000110110111010011010010001111111010000001101011100100100010101101111010111101000101
1011011010000100000000110000011111111111111111111111111111111111111111111111111000110100011001000001
1001100011010110000100100101110100001100001011111111111111111111111111111111111111111111111111100010
1001101111111000110101000110001011101101010011111111111111111111111111111111111111111111111111100011
0100001110110101110011000110100000001011111111111111111111111111111111111111111111111111001101011101
1010110001001111100011111000100110011111111111111111111111111111111111111111111111111111111000010001
0011100000011000010100000110111011110011010111011000100100001111001000101010100011010100001110111100
1001101111100101101110110110010001110110100100001110111011010101011011000101000110010000111010111111
0110110011010101101101001111111000011111111111111111111111111111111111111111111111111101110000110111
1100001111000100101111101100100011111111111111111111111111111111111111111111111111000011011000110110
0010011100111100000001110011001111111111111111111111111111111111111111111111111111110011010001111101
0110011001000110001000010000111001000110010111111111111111111111111111111111111111111111111111000000
0101010101101000101101001111011010111101001101011000101010111110010111001000110000011010010110001111
0111010101010100010111010001010010011110100010100011001111101010001101011010001011100111101011111101
1001101010010110001000011101110010010000111001111000100101101110111110110000011101100011001001001110
1010000110100110100011100101011111101001111011011111111111111111111111111111111111111111111111111110
0101010010011101101001100010101000001011101100111000001111100100110001011101110011000110011101101110
0000000110010111000000001111111111111111111111111111111111111111111111111100101011000100101100010111
0100001001101101110011001001101111110001100010100100111000011011010010101011100111011110000111011100
0010100001100100000011110111111111111111110110111000110001110010001001000001011011111100100110101101
0011110001110011000101110010100111100001000100011110001110100111011100011101111011001101011010101101
0010101100111111111111111111111111111111111111111111111111110100100001011010111000000111101111011010
0110100000000110111100010110011101110011000111011000101010101001110100000011110100000110111011001001
0111110001100010011011110000101110010000001011101011111111111111111111111111111111111111111111111111
0110110000011001011111010101011111110100101001100101010111111011010000001110110110000001101011101110
1001010010010101111011010100100101101111111111111111111111111111111111111111111111111101100010111101
0101010100110101001111110110001111100000011101111101110100110110110011011010001100100000000101110010
1111110111000001100001100011000110111001110000111110101000111001101011101011011010101111111011100100
0000101011110110111000110110101001001010111101110011010000011110011011001011101001110101001001110110
0000100100111010011101000110111101000011011101110000001101011011010011100100010100011100011010111100
0001000100111111111111111111111111111111111111111111111111111111001000110111011101111010100010000010
1010100111011101001001100100000101111111000000001110000010011010100000001000100011001000010010100001
0010010101011101111000100000001010001000010111001111111111111111111111111111111111111111111111111100