10000 5047
6043 1613
6795 0
2889 0
3277 622
9021 5651
6982 0
0 0
7383 2508
0 0
0 0
9569 3839
9592 1224
6263 8705
9225 0
2064 0
4950 0
0 0
14 2521
1217 0
7826 0
0 0
205 0
1870 0
0 0
0 0
0 0
361 0
0 0
890 5488
0 0
6534 0
5046 0
3024 0
4297 0
2215 2931
0 0
5589 8092
0 0
3998 7655
6005 0
4099 0
6936 0
1699 0
9247 0
1443 0
8877 1584
0 0
8204 0
437 5108
9581 0
5814 7291
9697 7251
4535 0
1911 0
2634 0
0 0
7193 0
1297 2538
8940 7455
0 0
6023 8495
2249 0
9128 3504
0 0
6637 7452
0 0
747 0
5531 0
2965 0
2787 5534
2769 0
0 0
0 0
0 0
898 273
3768 6462
0 0
6766 0
5598 0
5153 8187
0 0
5088 0
0 0
9115 4986
3621 3357
2981 9778
0 0
4406 0
0 0
8417 0
5242 4954
8803 4461
0 0
3962 1098
324 0
0 0
0 0
8988 0
4550 0
0 0
7142 2174
0 0
0 0
0 0
0 0
3517 0
5054 3992
1565 0
0 0
7036 0
0 0
0 0
1868 5275
0 0
7914 0
6231 9062
2135 9263
2877 3640
3118 0
0 0
550 0
0 0
4800 3486
3677 0
0 0
2907 1593
0 0
7306 0
2385 3821
0 0
6672 0
4510 3327
2216 0
0 0
0 0
0 0
7662 836
4034 453
0 0
7406 0
2454 0
3556 6779
525 0
873 0
0 0
893 0
0 0
2311 2777
4008 0
0 0
9160 829
0 0
7948 0
2070 0
4431 6597
2146 5135
5270 0
0 0
5043 9235
4009 3072
4048 0
1342 3278
8901 9449
1929 9496
9974 0
4686 3237
0 0
5768 319
4693 0
2107 7848
4331 0
5624 0
3249 4005
499 0
6196 969
0 0
8125 0
7897 7718
0 0
8473 0
7822 0
1091 0
3254 0
9734 0
5413 0
635 0
0 0
992 8089
5930 0
0 0
2426 4945
651 919
0 0
9860 2642
827 3231
0 0
903 0
1086 0
9042 0
6001 4907
1713 0
9144 4691
2071 3623
3004 0
0 0
9295 0
2229 0
0 0
0 0
4934 0
2022 3044
8758 778
0 0
1099 0
5676 0
0 0
4913 0
0 0
8381 0
663 304
2730 0
0 0
9805 0
4747 0
136 0
6877 0
0 0
2322 7505
0 0
124 6215
6136 1995
7972 8361
4142 0
2427 8824
0 0
1403 6635
0 0
3977 0
0 0
908 0
557 8962
0 0
2818 0
4320 0
8220 0
1658 0
0 0
0 0
1208 0
0 0
5014 0
7001 5721
368 766
4457 0
0 0
0 0
7960 0
7151 5155
0 0
6853 9457
9763 7045
5195 0
0 0
0 0
5739 2570
5257 1429
3971 0
0 0
3900 2632
4147 0
5388 860
2956 8812
3143 0
6578 0
1231 5278
1577 4278
9498 9904
9845 7201
1523 7690
3270 0
0 0
9816 4765
9165 0
9823 5177
4569 3967
7725 4905
2375 1890
0 0
0 0
0 0
5800 0
3299 0
0 0
4149 7022
0 0
0 0
0 0
0 0
8989 8915
8717 0
7225 0
4324 0
9357 6118
0 0
2941 6876
0 0
8440 3850
460 0
6169 2292
5923 0
1133 4962
0 0
1023 0
6510 2998
0 0
3243 7456
2789 0
4243 0
9960 0
7204 0
1330 0
4114 121
3396 645
8722 0
0 0
9653 0
1541 0
4815 0
641 9946
6247 7761
878 0
3663 0
6326 0
2090 9774
2795 0
0 0
1039 4975
0 0
6004 0
8648 4921
5633 9939
0 0
4650 5441
3824 932
0 0
1080 8550
5951 0
7479 0
0 0
2780 5980
5786 6587
0 0
0 0
4392 0
0 0
9863 0
9705 2007
0 0
103 0
4294 0
0 0
4306 0
3873 0
1175 0
8939 0
8211 0
7116 0
7419 3713
0 0
0 0
0 0
3050 2159
4521 0
4958 9804
6138 0
9012 0
6849 0
4489 0
8114 3117
6854 0
1486 9967
3411 6855
0 0
0 0
6174 6655
7817 0
4862 8324
0 0
0 0
8487 9351
0 0
0 0
9163 6557
4628 0
7580 2519
7244 0
0 0
0 0
0 0
8401 0
4803 9197
886 0
0 0
0 0
0 0
7450 0
3893 5989
7223 0
6912 1065
3315 0
9755 1387
3879 8379
7903 0
0 0
6170 4891
0 0
9880 0
2349 0
6937 2518
0 0
6430 0
0 0
199 0
4162 0
0 0
0 0
3171 4833
0 0
7912 6111
0 0
3334 2072
5517 9487
270 1796
3975 0
8883 9886
0 0
7362 0
991 0
2020 0
536 0
0 0
0 0
0 0
0 0
9259 3596
0 0
0 0
5785 6046
6012 166
9517 6069
3560 6517
798 0
4757 8113
0 0
0 0
406 0
0 0
343 5683
2300 0
8486 1425
0 0
7336 8575
0 0
0 0
4076 4972
0 0
3130 6228
0 0
0 0
3673 0
8923 4368
6736 8232
8674 0
9850 2819
1492 8253
9 0
0 0
1684 0
0 0
0 0
7537 5767
0 0
5999 4969
2450 2900
8400 2279
0 0
8060 5394
6537 0
0 0
2256 6409
1993 2376
4789 6031
3950 0
0 0
214 3587
7586 8105
2482 6859
657 6922
0 0
2904 0
3494 0
9896 0
5788 4766
0 0
6144 9736
8982 0
495 0
0 0
7035 6873
0 0
0 0
9630 6737
0 0
0 0
8116 6650
3128 5336
0 0
5782 9176
0 0
4343 3371
0 0
0 0
9354 3116
8088 3742
0 0
0 0
0 0
8776 7205
0 0
1869 0
8591 5162
9183 0
4381 0
0 0
1079 2232
7411 0
7040 2580
0 0
4932 7374
0 0
252 3647
0 0
5771 0
0 0
4132 0
0 0
646 0
8804 9453
0 0
820 5527
8100 1074
4784 0
6916 2784
4261 0
0 0
6436 7867
770 0
0 0
2699 0
4363 0
6146 8589
6822 2733
0 0
6137 9732
6183 0
3073 6518
0 0
0 0
0 0
0 0
3806 1340
283 616
2110 6249
7031 0
1383 3941
5151 8185
0 0
0 0
0 0
6827 3811
0 0
2742 0
7271 0
6116 0
8045 0
0 0
3916 0
0 0
0 0
0 0
5372 0
0 0
0 0
5031 0
4466 0
0 0
5427 0
6836 0
4678 2568
5178 0
6181 0
2770 0
9647 9527
0 0
0 0
9963 0
3684 0
2341 9664
4453 3292
0 0
8453 0
2373 7626
9814 0
3512 1144
6152 0
0 0
3642 0
0 0
0 0
7900 6992
678 0
0 0
0 0
0 0
2583 0
0 0
7956 4615
0 0
429 0
7602 0
4272 0
0 0
4960 9844
9076 1697
2220 0
0 0
7258 5498
0 0
5348 5711
9902 2458
32 7845
2694 0
0 0
1653 2320
905 0
2247 0
0 0
4111 6567
0 0
0 0
0 0
0 0
7348 0
7892 3773
0 0
0 0
5820 7702
9282 8171
4762 0
2189 5745
8699 1991
8907 7288
6244 0
0 0
0 0
9781 0
0 0
0 0
0 0
4890 2609
5642 2711
915 0
0 0
4515 0
1389 0
4420 3023
1341 1836
8525 1303
1752 0
0 0
9877 9508
8106 8827
5323 3367
0 0
7603 4045
0 0
0 0
65 784
5799 0
105 3894
0 0
0 0
0 0
9821 5812
1790 0
6272 554
3033 9023
6197 1373
6356 0
0 0
185 1649
0 0
0 0
5422 9749
0 0
0 0
0 0
9268 0
4239 5355
749 730
0 0
0 0
5846 0
4119 0
1571 0
0 0
1866 6293
8201 2838
0 0
0 0
0 0
9199 0
0 0
0 0
0 0
1857 9237
775 7015
8479 0
7659 7763
0 0
0 0
3543 8603
0 0
0 0
0 0
0 0
1496 0
0 0
3775 4638
1787 0
981 0
9387 0
9979 8551
0 0
0 0
0 0
3822 8167
0 0
3256 6198
5984 6610
0 0
2078 8286
0 0
0 0
8348 6790
1362 652
6541 1271
0 0
3436 0
6792 0
6149 0
7666 0
7186 2415
0 0
5945 584
6387 0
0 0
4923 0
7909 2447
4356 0
1975 4711
9050 0
6072 0
7130 0
7222 0
339 0
0 0
2748 1557
0 0
0 0
4813 9771
0 0
9795 0
0 0
0 0
2962 1482
6353 0
7554 2439
3326 5048
0 0
0 0
2031 0
2693 0
3649 0
0 0
7359 0
4894 0
0 0
2150 6403
0 0
8478 9525
8436 31
2165 1835
0 0
9480 8438
4825 4743
0 0
3283 0
0 0
1736 0
2946 5661
0 0
2405 0
5250 0
4880 0
5621 8742
3087 1054
8161 2947
0 0
2707 0
0 0
0 0
0 0
3255 4729
4721 3236
8859 5936
7224 6346
3552 0
1570 0
7858 2143
0 0
0 0
7297 0
4054 8539
0 0
2202 9633
0 0
0 0
0 0
5458 0
2890 8223
0 0
1692 3952
3877 0
3323 1939
0 0
0 0
3202 620
0 0
0 0
8219 0
8844 228
8483 0
633 7700
0 0
5281 0
8692 130
0 0
8582 0
3137 5899
0 0
8925 512
6367 0
1161 0
4849 0
0 0
0 0
8297 0
1314 0
8002 1216
293 9655
4223 6292
6993 9650
435 0
262 9083
2040 3772
7640 8552
0 0
2437 413
5720 0
7840 7730
1950 6414
52 682
0 0
6191 2614
9722 4850
3638 6059
9740 7933
7930 0
3529 5748
0 0
9071 0
5102 2212
0 0
0 0
5243 0
979 5042
3363 3966
0 0
4900 8740
0 0
7755 0
0 0
8905 6701
7307 0
0 0
0 0
418 0
0 0
5861 2386
77 0
0 0
0 0
1025 0
2704 0
0 0
5468 3266
0 0
7181 182
1234 0
0 0
1158 0
0 0
0 0
1284 0
0 0
8344 5809
0 0
4756 3516
0 0
9914 5725
4926 2277
0 0
6101 6529
0 0
9018 0
4839 0
1932 2308
3672 511
1530 0
0 0
5916 0
9858 5537
320 0
2497 7403
4423 0
0 0
7155 5378
8327 5283
4544 0
721 0
101 0
0 0
0 0
3876 2714
0 0
0 0
0 0
0 0
5973 0
9985 3958
9852 0
947 0
4220 4218
0 0
5472 0
696 5211
4968 2210
8066 0
1489 0
0 0
1298 2063
0 0
0 0
1778 0
6900 8394
0 0
3134 0
5775 0
491 8363
5643 7495
2924 0
0 0
0 0
5727 2258
0 0
4910 0
2304 0
9711 7973
0 0
1569 4917
6052 0
3619 0
9752 0
0 0
9516 0
9279 0
2902 0
2880 380
2315 0
6429 0
6616 2409
0 0
0 0
4165 7975
4847 0
8754 0
774 4933
284 5695
0 0
0 0
0 0
8458 0
551 6987
7052 0
9686 0
0 0
8218 4719
0 0
546 6368
8731 451
4387 2874
4856 0
4991 9287
0 0
2727 7631
7958 4736
0 0
3184 1242
1734 0
2584 2731
3709 7870
8943 9154
0 0
0 0
9442 8236
8023 0
5618 5525
966 0
2365 0
0 0
0 0
1307 5872
9618 0
9032 6524
0 0
0 0
6282 8822
0 0
5344 2012
0 0
0 0
0 0
0 0
6656 0
7628 7394
6205 6424
1742 0
3499 4592
5592 0
61 0
1488 7615
8756 3554
815 4360
8781 0
0 0
0 0
5369 0
7409 6445
734 9097
452 0
0 0
2850 0
1986 0
5226 0
6977 2821
3725 0
0 0
0 0
8499 1251
3507 193
0 0
4096 4007
7211 5032
8813 0
0 0
0 0
7289 0
4390 4865
0 0
9283 0
5910 1212
5213 9125
0 0
7609 8055
0 0
5492 5392
0 0
0 0
6872 0
3842 0
7549 4752
980 0
2972 9598
0 0
0 0
2658 0
0 0
2196 6087
0 0
6297 0
0 0
0 0
0 0
3993 7632
0 0
1149 9679
3390 0
4437 0
9256 0
9667 0
5417 0
8586 0
6159 8121
7625 0
0 0
6458 0
735 0
0 0
0 0
4293 0
0 0
6979 9554
3870 0
4564 0
9620 1319
8267 137
0 0
0 0
1591 0
0 0
2157 995
2702 0
5109 5538
0 0
0 0
0 0
9870 0
4738 0
5111 0
822 0
8424 5976
6114 5448
0 0
0 0
0 0
5491 0
4585 6156
5200 4916
0 0
9515 0
0 0
8805 0
4473 0
6786 0
83 7974
0 0
12 0
7020 2826
4675 668
3408 6828
0 0
6076 1440
0 0
0 0
0 0
0 0
5906 7785
0 0
3881 0
7121 0
0 0
0 0
2074 6245
6647 3387
1984 0
6348 0
6108 2954
8007 0
0 0
0 0
5047 1763
8404 0
0 0
5464 0
610 0
0 0
3692 0
5166 3313
8056 0
0 0
0 0
2093 9381
9271 4805
0 0
0 0
0 0
6995 3039
8181 3611
3575 0
0 0
0 0
9547 0
8909 0
7703 6505
9037 0
1679 0
2379 0
5969 5133
0 0
8621 0
6999 1458
517 7995
322 0
0 0
3154 8951
7544 0
3045 3337
6392 3427
6729 1585
4748 0
0 0
420 0
5757 4402
0 0
2264 6735
0 0
2192 0
805 9410
9568 8376
8895 0
0 0
0 0
7270 0
0 0
6389 0
0 0
0 0
0 0
1850 5006
2297 0
0 0
0 0
5957 0
844 1043
0 0
594 9891
8987 0
7048 0
5212 0
3142 7334
9616 3844
3544 0
0 0
419 8032
1643 7927
5324 8179
0 0
4518 0
0 0
0 0
0 0
7160 3604
1599 0
0 0
0 0
0 0
2388 8320
0 0
7965 0
2653 9836
0 0
6266 289
0 0
1973 6322
0 0
8239 39
4157 0
0 0
4505 872
1743 8293
2459 5836
240 0
0 0
7488 0
34 149
7547 2242
5523 6065
0 0
6573 2617
7269 5062
6475 0
0 0
3949 5145
2660 8767
7874 0
5368 9359
1100 4405
2478 0
0 0
3932 4427
6951 0
2588 0
3616 0
0 0
0 0
0 0
5436 0
1738 0
2933 0
9067 2203
3583 4418
1279 896
0 0
8157 177
0 0
6570 0
0 0
9147 8042
8493 0
477 0
1539 0
0 0
311 7467
4786 5593
1756 0
0 0
6925 0
6548 0
4912 9084
4898 0
1856 1714
8507 0
5019 0
306 2420
1573 0
803 8315
0 0
4558 0
0 0
2984 0
7229 6576
5715 0
4354 0
6595 286
2356 0
0 0
0 0
2796 9563
3999 0
5403 0
5561 0
7232 0
4080 0
5080 3206
5719 0
7715 1281
0 0
0 0
0 0
5379 0
4236 1227
3458 6237
0 0
4144 1139
9887 1053
7600 1511
0 0
7438 5567
3465 0
6056 0
0 0
5694 8639
0 0
0 0
6820 0
0 0
0 0
0 0
0 0
395 7555
0 0
9338 2871
7793 2101
4772 1783
3961 0
7919 8356
8683 3009
0 0
2793 0
0 0
0 0
3534 6740
1293 8163
0 0
4025 3947
0 0
2964 2345
2655 0
2974 0
2160 0
9815 0
5310 0
0 0
5130 0
6484 45
4537 7385
0 0
6317 7999
336 0
1818 0
0 0
0 0
0 0
3734 7774
2893 0
0 0
0 0
0 0
0 0
0 0
9005 4997
0 0
4836 0
6323 0
3591 0
7378 0
0 0
3606 0
443 3377
967 1789
0 0
0 0
6686 0
0 0
9681 1898
0 0
2440 0
2979 8600
2554 0
0 0
0 0
4586 0
1246 6604
68 0
2156 0
3816 0
1851 0
733 0
8719 5466
0 0
0 0
2272 0
2870 4928
0 0
839 0
0 0
209 0
4540 7937
0 0
5277 0
7067 3985
2124 0
9004 0
750 0
0 0
9649 5510
0 0
0 0
3561 4978
2492 0
7894 0
8414 0
0 0
0 0
6256 2041
0 0
0 0
0 0
0 0
7280 6047
7641 0
0 0
0 0
1409 0
230 9134
9096 0
7528 64
4990 6452
0 0
8924 0
6863 0
0 0
0 0
0 0
1339 0
8606 0
0 0
4266 6265
0 0
7327 5399
4121 0
0 0
2073 4196
2112 0
5549 0
0 0
7559 3593
22 2084
3477 6085
9794 0
9151 0
2548 4474
533 0
1798 0
6416 0
3787 0
9738 1806
3177 0
8986 4643
1338 0
0 0
4992 9272
1477 5557
8226 0
3943 1943
3501 0
2402 0
5248 0
4337 403
0 0
0 0
8407 9700
2663 0
6361 3828
0 0
6279 0
0 0
3802 4884
0 0
3976 0
3200 0
9112 0
0 0
3736 0
0 0
0 0
0 0
2133 0
2985 8774
0 0
3268 6971
0 0
0 0
0 0
8733 920
0 0
0 0
7768 1047
5087 0
0 0
6882 0
0 0
5192 1367
9286 2504
0 0
0 0
0 0
4027 4771
9888 1825
431 0
3613 1129
3762 7922
0 0
7416 6673
3426 0
6703 0
0 0
9911 6830
0 0
5649 7744
0 0
318 0
2895 2785
2549 2619
0 0
7928 0
0 0
962 0
0 0
0 0
3416 0
0 0
4487 0
0 0
9069 8415
9088 0
0 0
2191 9726
0 0
6709 4768
6073 0
0 0
1331 2293
0 0
6613 0
192 4947
6158 0
9604 0
600 0
0 0
0 0
5463 4193
5662 3376
8865 0
0 0
0 0
7941 8592
4726 323
3752 0
0 0
0 0
1148 0
4049 0
3185 2949
0 0
8971 0
0 0
2148 1291
3682 0
0 0
2598 0
9797 1092
2214 5604
1897 0
4944 0
8143 356
2003 0
0 0
6394 0
1828 0
9185 0
8433 0
0 0
7345 0
1299 982
3340 7430
0 0
6601 9693
813 8230
251 1762
5691 0
3353 1582
3002 7866
5274 8825
0 0
0 0
3756 9378
7987 1811
8090 3724
0 0
0 0
0 0
0 0
8549 0
8792 0
0 0
1661 6989
0 0
1650 6981
6990 2204
0 0
0 0
0 0
0 0
9382 0
0 0
236 0
0 0
8888 0
7109 7158
6800 4252
3406 0
694 7127
4645 0
2059 155
949 439
6016 1192
0 0
1416 0
0 0
0 0
0 0
0 0
9209 6202
9674 0
0 0
8306 0
0 0
0 0
4953 411
0 0
2681 6522
8330 6193
0 0
8077 0
3030 5749
8868 0
9784 4902
4260 0
0 0
0 0
8492 5504
4817 1109
3168 0
2639 0
0 0
4283 9150
2801 3468
1357 0
2724 7545
4653 1960
0 0
7066 480
3078 4136
3767 171
8882 0
1803 6009
7326 567
8015 0
5021 9621
5321 9363
0 0
7800 884
5669 0
0 0
69 0
7039 5603
2209 2015
4229 0
3968 0
8489 1611
9898 3358
9909 2885
3380 8643
0 0
5670 9077
3285 237
2961 8287
0 0
9809 35
257 1817
0 0
3385 4500
0 0
0 0
3233 2556
0 0
6383 0
0 0
8829 4069
3782 0
5496 0
7579 5795
8625 0
2868 3514
365 6347
0 0
4042 4183
8340 0
1767 3258
5230 0
0 0
0 0
8071 0
0 0
8739 0
0 0
9022 0
5453 0
0 0
0 0
129 0
6280 7484
5173 0
1476 7434
0 0
9385 3021
5149 6665
5625 0
0 0
8630 1446
5292 0
1406 0
6878 0
0 0
0 0
4472 5509
2688 0
0 0
8782 3774
3381 0
9196 1647
1821 0
0 0
0 0
523 1664
0 0
936 1249
7099 0
0 0
0 0
5994 4760
3244 4056
6490 5878
7120 3051
6014 3936
0 0
3678 3527
2879 0
8561 0
0 0
3727 2391
0 0
9727 0
0 0
0 0
8831 1528
7728 6330
202 9415
5600 0
0 0
7944 8892
3953 0
0 0
8671 3927
3482 6425
0 0
6363 4563
5733 0
684 6434
0 0
3707 0
6958 4723
1917 5704
3912 8347
5770 4407
7500 0
7206 4152
1834 960
3034 6402
2535 0
0 0
7389 0
0 0
4809 9683
5395 0
8249 4830
8729 0
3191 7907
9407 9493
5988 0
0 0
2177 0
0 0
802 2754
0 0
9747 0
5397 0
8759 0
0 0
9753 0
0 0
5311 0
0 0
7132 3753
470 0
9524 0
0 0
8707 5673
6 5494
8214 0
4106 0
6359 9892
8160 0
0 0
0 0
4038 0
8505 0
5237 0
9380 9315
2331 4428
0 0
0 0
5440 0
7465 9346
7784 0
2691 9566
0 0
0 0
0 0
2172 2845
0 0
0 0
8485 2635
0 0
8726 0
3675 1822
0 0
1560 6242
5518 0
9656 5370
0 0
2670 0
9964 0
737 8412
0 0
1397 2566
8497 0
6934 0
1045 0
8770 0
4683 6826
2328 0
8835 3585
7656 4481
0 0
0 0
2511 279
8224 8574
4001 0
6157 0
0 0
9991 1046
0 0
2255 0
396 0
3706 0
5259 0
5002 1041
5455 1245
0 0
3493 0
698 7384
2603 8326
0 0
2824 0
3885 6291
2001 0
0 0
7433 8123
4496 1905
0 0
5227 4436
1601 0
0 0
5476 9383
8721 2829
2219 0
6377 0
265 0
0 0
2620 3780
0 0
9945 4987
6386 8128
0 0
0 0
0 0
1654 0
3114 2169
0 0
8554 9899
6421 8581
6750 5793
6631 0
1072 0
6070 4627
0 0
0 0
0 0
0 0
0 0
9638 0
9995 8390
0 0
0 0
4210 9817
0 0
7145 0
6248 0
2762 0
0 0
0 0
1417 3474
4424 4835
0 0
7267 4442
0 0
0 0
2729 8370
2400 9925
0 0
4504 0
1442 0
0 0
0 0
0 0
9401 4999
9675 204
8290 0
8513 2661
0 0
0 0
9335 2344
7966 0
3386 0
879 9661
5170 3573
0 0
1184 0
0 0
0 0
7889 0
4369 0
8001 4705
0 0
5964 0
8418 1952
6422 0
3360 9010
7313 1426
3402 9694
835 0
3530 0
1114 3924
2700 3525
8242 543
0 0
0 0
0 0
6339 0
3079 0
8820 865
8193 6955
1566 412
0 0
4092 0
2626 0
0 0
2884 6130
0 0
7296 0
7918 0
4073 0
0 0
0 0
0 0
0 0
0 0
6904 7023
0 0
2763 3085
0 0
0 0
9884 8679
8816 0
0 0
0 0
8983 0
6834 0
4787 8430
7536 2625
5543 0
4812 1136
0 0
2917 1077
0 0
3931 0
2380 0
3328 0
9390 0
9520 3003
1899 1976
3284 0
0 0
9379 0
9207 4462
0 0
0 0
0 0
8277 0
1801 0
0 0
3245 0
138 7516
0 0
0 0
1334 0
7838 6727
9290 904
302 723
0 0
5834 7981
0 0
1578 2317
0 0
9833 456
0 0
0 0
0 0
6341 125
987 6954
0 0
531 0
7748 4513
7163 0
1413 3938
1485 0
6071 5094
0 0
0 0
7165 2404
0 0
5284 8856
4309 0
1451 4334
8203 7542
0 0
3289 5247
7945 0
0 0
0 0
2798 4032
0 0
0 0
0 0
0 0
1520 0
0 0
2605 0
3338 4030
0 0
0 0
0 0
1201 5478
8610 0
6967 0
0 0
0 0
7480 3333
5574 386
6480 6762
6314 9942
1717 0
892 66
7082 8195
2839 5746
0 0
9728 9316
0 0
0 0
0 0
463 7203
0 0
971 5142
3639 0
5053 0
8808 617
2595 0
3325 0
0 0
9078 3847
9826 331
9440 9482
0 0
0 0
5827 2042
9853 0
6591 0
0 0
8677 5131
6801 0
0 0
2180 9578
9799 2481
0 0
2552 0
3466 7492
0 0
538 0
0 0
808 0
0 0
7148 0
7435 3988
2608 0
0 0
7375 8053
0 0
3886 0
0 0
4602 0
1344 0
6931 0
1802 0
0 0
2618 0
0 0
8980 5929
6791 0
0 0
837 2393
0 0
10000 5849
2643 1467
150 0
0 0
1909 0
0 0
2677 0
0 0
9629 9113
4630 5728
0 0
0 0
6639 0
0 0
3435 0
6093 0
0 0
0 0
0 0
4976 0
0 0
7835 882
0 0
0 0
127 0
8634 2680
0 0
7746 4219
5539 1893
0 0
5926 0
5059 2534
6594 0
0 0
1254 0
0 0
4483 0
1600 0
8834 6657
8252 4411
0 0
0 0
0 0
8375 0
0 0
0 0
4548 8567
0 0
9842 0
3324 0
0 0
5078 2991
0 0
0 0
3015 0
0 0
0 0
0 0
0 0
0 0
0 0
5850 8800
843 2506
0 0
2493 0
6309 2119
0 0
0 0
0 0
4670 0
0 0
5650 0
0 0
0 0
1263 0
1104 8270
5357 760
6062 3914
0 0
2123 0
8260 0
1794 598
0 0
6605 3726
6638 2758
5740 0
23 0
1449 9651
4276 0
5024 0
0 0
1081 6838
977 0
9029 2358
5063 4790
3218 6306
4258 4826
3610 5765
0 0
9490 0
0 0
4352 8572
9319 5703
0 0
0 0
0 0
0 0
2809 0
9438 0
2886 6216
8057 0
8919 0
7380 0
8234 840
1678 1670
5588 1604
0 0
0 0
0 0
0 0
2808 6579
346 0
9654 1586
1625 1519
3082 0
4358 3576
3687 0
7520 8010
423 0
1954 0
0 0
7886 490
4249 0
0 0
7447 0
0 0
4459 6885
519 0
0 0
0 0
3929 0
8944 5383
0 0
0 0
8875 0
3090 7560
0 0
2075 0
2910 100
5668 876
8301 0
5137 0
8650 7757
2489 1833
0 0
1483 2992
0 0
3397 0
6470 0
8779 4622
4584 0
0 0
0 0
2333 0
5554 1243
0 0
0 0
0 0
0 0
2906 2952
0 0
0 0
0 0
7046 0
5115 3362
2382 4599
0 0
2285 0
9689 0
3731 8313
4028 0
0 0
0 0
8351 6112
1360 5391
0 0
0 0
5658 4792
8043 5189
4168 6544
2109 2531
3139 24
8078 0
0 0
0 0
0 0
0 0
8542 0
0 0
7404 0
4479 0
7131 0
5760 0
0 0
0 0
1363 587
0 0
5575 0
0 0
0 0
0 0
4123 3804
11 6478
0 0
0 0
3594 4632
5056 7581
0 0
0 0
4557 0
0 0
5160 1820
2053 1768
1545 8398
6472 1922
4618 3497
1096 0
5025 0
6625 0
0 0
7363 0
4523 5511
0 0
1147 0
0 0
7084 5903
0 0
0 0
1732 0
2995 935
0 0
3635 5154
0 0
5648 9808
5606 0
0 0
1535 0
4776 0
8528 0
2271 142
0 0
0 0
9584 5003
0 0
0 0
5898 0
2833 483
7519 2275
0 0
5868 0
4047 0
6127 0
9769 0
3568 6374
4435 9948
0 0
5679 0
0 0
6543 5139
1615 0
0 0
0 0
7354 0
0 0
0 0
8965 0
7096 0
4039 1292
7376 245
1862 0
7259 0
7773 3303
7486 0
763 7961
7689 0
2822 4864
4414 5895
8062 3020
0 0
0 0
6720 3229
6549 5674
0 0
4861 4100
0 0
2 0
8101 313
5688 6612
990 269
6920 5901
0 0
3918 0
9796 0
3722 4872
160 0
0 0
244 2254
8617 0
9253 0
0 0
9641 0
9110 0
1867 8368
764 388
0 0
0 0
0 0
0 0
3747 0
0 0
6234 0
0 0
560 0
3453 0
9561 0
1710 6081
0 0
0 0
0 0
0 0
2246 5526
0 0
1464 0
0 0
6128 8250
5796 0
0 0
2509 4571
0 0
5258 1928
6090 1942
0 0
0 0
9992 0
0 0
952 25
1337 0
6106 7741
0 0
944 0
4480 6531
7649 4269
0 0
7735 0
4605 0
126 2139
9472 0
2366 0
5602 0
8353 0
55 0
5815 2527
3906 8967
4177 4335
0 0
0 0
3035 0
0 0
8173 494
0 0
0 0
2988 6775
6015 7078
0 0
8663 0
6406 4289
2019 3630
0 0
0 0
0 0
8304 295
3745 1852
2137 3013
9938 0
2865 0
2725 8565
242 1937
4000 9846
0 0
0 0
2760 4796
0 0
0 0
0 0
0 0
9368 5110
8262 5751
1264 2901
0 0
3699 2469
2741 0
8084 5210
0 0
8280 4314
0 0
2305 0
3414 2507
0 0
4959 0
0 0
0 0
7111 0
7799 799
7210 0
2456 0
9889 6230
0 0
1656 0
7147 0
9355 0
2099 2945
3940 4357
0 0
3352 9760
963 0
7672 0
3654 0
0 0
7863 0
0 0
0 0
0 0
4109 197
3008 0
2706 0
9510 0
6866 0
0 0
0 0
8470 0
9593 7189
5808 9323
1797 0
0 0
8311 2008
1549 9227
0 0
0 0
4444 5632
6095 0
0 0
1741 5839
7846 7859
6908 8281
0 0
0 0
0 0
9265 0
0 0
4609 0
2855 0
0 0
0 0
916 9640
7847 0
8534 6532
3147 707
9035 7360
0 0
0 0
0 0
7769 0
9648 0
1696 0
0 0
3666 706
5446 5089
7571 1436
0 0
4879 1358
0 0
8815 4538
3011 2348
2928 6636
0 0
0 0
0 0
0 0
0 0
5272 1626
0 0
965 0
0 0
2182 2129
3581 0
0 0
2399 0
5555 8192
8548 3138
7888 7355
9243 0
0 0
0 0
0 0
811 6809
6687 2171
5522 0
4376 7332
7358 246
0 0
6788 0
742 1138
0 0
7781 0
0 0
8845 7915
0 0
0 0
3917 0
3308 0
0 0
6499 5097
1411 6932
0 0
0 0
5919 4502
0 0
7237 0
3294 9933
8336 266
8359 4060
3261 2647
0 0
5607 0
0 0
1985 9046
3920 0
4065 9867
446 0
0 0
0 0
0 0
0 0
3518 9662
0 0
0 0
298 0
8373 3714
2425 1561
5789 1165
3586 0
846 0
4924 4382
0 0
424 0
957 0
0 0
1576 0
756 2529
0 0
4795 0
0 0
9193 0
9465 7658
0 0
9602 2775
8649 5952
233 0
2857 0
1247 0
0 0
8695 0
0 0
7949 7474
0 0
9353 0
3612 3502
1030 8793
0 0
1558 6869
9637 2419
4701 702
6879 0
0 0
7075 0
7324 0
0 0
0 0
3590 0
2211 0
7754 8898
140 8431
4863 9349
0 0
7908 3984
9619 8765
0 0
586 0
7891 9910
4377 0
5479 6747
1103 0
0 0
9419 2905
8611 0
7343 0
0 0
0 0
0 0
6163 0
0 0
0 0
6284 0
6702 9849
7805 88
8467 0
0 0
0 0
0 0
0 0
316 1233
1056 0
8014 0
6994 0
729 2541
7622 2153
2604 0
5474 0
9459 6440
0 0
3279 2636
1350 0
3832 0
0 0
0 0
6726 0
677 9878
4980 5033
4967 95
444 0
0 0
0 0
1838 7308
0 0
558 0
0 0
0 0
5722 0
7399 2227
7963 0
371 0
2495 0
6502 8952
8188 0
5933 0
1439 1544
8362 1448
5335 0
6310 0
1602 2520
4754 6400
99 0
0 0
7175 9539
5157 6468
0 0
1404 4624
0 0
1278 7138
7252 0
9330 0
845 0
0 0
168 374
0 0
7552 9552
2485 0
7202 1930
0 0
0 0
7402 0
548 448
0 0
0 0
0 0
0 0
8587 0
3655 2512
7418 0
9528 0
6823 9857
6104 5245
5706 2559
0 0
7242 0
0 0
0 0
9926 907
0 0
0 0
5879 0
9210 4759
7221 0
2318 243
2037 0
2802 5639
9636 0
4292 6645
15 0
0 0
1320 0
8391 489
7704 9448
3588 0
2926 6121
0 0
3840 5265
0 0
0 0
9061 8738
9216 0
4672 9866
9278 5570
0 0
0 0
5996 4688
0 0
1639 0
9428 9304
8828 6123
0 0
0 0
0 0
8437 0
0 0
0 0
0 0
0 0
6474 0
8383 0
0 0
9375 3939
5776 0
0 0
4598 0
9108 0
4087 0
9748 0
1673 0
0 0
9129 0
0 0
1112 0
1220 3059
1733 5377
0 0
0 0
0 0
4021 0
9548 4127
1095 3922
2522 1273
5915 3026
4728 0
0 0
1804 5013
7073 0
0 0
8284 5159
0 0
3455 0
8 5866
5197 0
0 0
5168 0
7980 3006
4560 3800
6053 0
0 0
360 2104
2803 6985
0 0
0 0
9157 4651
114 0
1634 0
1750 0
4088 0
7064 8724
9980 2307
6996 0
297 7042
0 0
5897 0
8307 6867
0 0
1606 0
433 1392
2106 3685
0 0
5435 7038
3400 0
9476 3228
0 0
0 0
254 0
3470 1398
5264 7136
3 0
3318 0
8787 7553
0 0
0 0
1085 0
5597 741
6019 3651
0 0
1140 1567
7377 0
8958 5968
7017 0
0 0
4250 695
2750 6911
0 0
5858 0
0 0
0 0
8537 0
0 0
5966 0
8746 2918
0 0
5962 0
7733 4925
0 0
9192 0
0 0
7724 7578
3990 0
7260 7587
0 0
0 0
9999 0
4179 0
0 0
5755 6620
7198 1118
2911 4985
2401 0
8616 1671
7053 7977
6837 2066
4213 0
0 0
5134 1799
725 3626
0 0
5208 3110
8456 0
0 0
464 2045
0 0
4237 0
2736 0
0 0
2470 8842
0 0
0 0
0 0
9178 0
3845 3592
6222 9244
0 0
0 0
0 0
0 0
0 0
8522 0
0 0
2287 8153
4662 6748
0 0
0 0
0 0
0 0
1791 0
0 0
2325 5832
537 6456
3478 4044
6713 6488
6467 0
5412 6813
7629 9987
0 0
0 0
0 0
1687 0
1785 5708
2490 0
0 0
474 3344
0 0
9303 0
0 0
0 0
8913 0
9301 0
0 0
0 0
0 0
3246 7532
5667 8338
4287 4582
4326 0
1076 7284
2179 0
2611 0
4669 492
0 0
2966 0
0 0
0 0
0 0
307 0
4170 8196
4456 3235
7827 0
8764 134
0 0
9334 7790
3389 0
2346 0
5430 7302
9949 0
42 6566
6449 8593
940 8992
6412 2778
1659 1949
4085 8849
1618 5256
2953 4279
6399 4075
3719 0
3717 0
6772 1274
1160 0
4464 3861
0 0
9109 0
0 0
2501 3629
63 8142
0 0
5193 0
8546 8450
7191 4386
0 0
4798 0
2162 1131
8511 2832
7787 0
5877 3067
0 0
3092 0
2975 473
0 0
5219 5191
8141 2912
4897 7502
4055 7619
0 0
4604 2460
2161 3891
5540 5970
7043 7304
7991 4194
1447 0
9996 0
2745 0
0 0
6262 812
1936 0
0 0
7686 8563
5442 0
0 0
3858 8941
7699 7896
7273 5959
1326 0
3788 1725
8790 0
1617 0
2759 0
6165 5817
922 7117
0 0
4522 0
0 0
9340 0
2361 8087
0 0
7133 0
6525 863
0 0
9314 3937
255 0
2036 6299
0 0
5490 549
7424 0
6527 0
2158 8706
0 0
0 0
8725 1316
0 0
3994 6285
8448 7648
5617 0
9835 0
6099 1123
2170 6396
5611 0
4181 0
378 0
5516 0
5352 0
9181 3036
6117 0
1174 0
5060 0
6124 70
5319 432
2207 0
0 0
0 0
8213 3547
6375 0
7524 4378
3182 0
0 0
0 0
1012 2000
0 0
0 0
0 0
345 0
0 0
9875 0
5620 1017
2118 7644
6852 700
3262 6060
0 0
4304 0
9952 9352
0 0
7436 0
1740 0
0 0
660 6473
153 0
4828 9682
6417 0
8075 0
926 0
0 0
2528 6891
9429 0
3712 6626
1879 0
2236 2016
7387 6492
2579 2842
0 0
3601 2205
0 0
0 0
9989 4340
0 0
7742 8541
5121 8111
4857 4593
2033 0
0 0
0 0
3509 0
5828 0
4770 2024
7934 0
9277 0
4380 0
4133 9818
1694 6874
5584 0
842 0
2581 3524
1724 8422
0 0
2438 0
0 0
2771 0
4956 1196
7185 0
7483 6036
0 0
0 0
4677 7674
0 0
5773 0
9473 0
0 0
0 0
6623 1662
0 0
0 0
7583 757
2726 0
9055 2394
1574 6411
0 0
9854 0
4741 4834
2764 0
2185 9299
7570 6232
4296 0
5822 8159
1172 0
1010 9486
0 0
0 0
4517 7442
4611 250
5406 0
5586 0
7535 0
0 0
0 0
445 0
358 0
6953 0
1524 8247
2224 3319
8622 0
1729 1631
4614 4552
5128 2027
9261 0
8237 7823
9571 0
6187 0
0 0
6278 8861
9171 978
6024 2881
219 1031
6506 7468
393 0
2827 0
5331 3108
0 0
467 0
4190 4146
7617 1399
7844 3174
8780 0
5940 9596
8345 5484
5293 0
2147 7921
278 0
0 0
3309 3423
3275 8428
3368 8369
0 0
0 0
8465 7526
8021 6871
1854 3480
0 0
9090 441
2239 9068
6589 1837
8784 2936
1731 0
1093 0
2431 3461
927 9451
3515 4625
6850 0
8406 5802
0 0
4208 1630
7364 0
7691 400
0 0
7168 6161
0 0
1128 9841
7610 2807
4385 0
2996 5296
9026 0
1951 0
0 0
0 0
0 0
0 0
2284 8047
0 0
9923 0
6909 7094
7764 0
2499 0
5138 0
0 0
4661 833
8035 0
4562 3982
0 0
9148 0
0 0
409 8843
8095 0
2244 0
0 0
7567 0
1595 0
1971 0
0 0
0 0
4205 8258
0 0
0 0
2226 6619
615 6188
8912 0
6236 5104
6914 0
9500 0
6561 0
897 215
6500 0
6344 7070
7651 6407
8515 6892
0 0
8833 0
1313 8070
3484 0
0 0
4394 0
7778 0
5312 3305
0 0
8382 0
1924 9425
1636 7489
614 415
0 0
4090 0
9743 4547
626 0
8248 0
2381 0
3681 3856
7830 0
5975 0
6553 5401
5716 0
7440 0
1222 0
4264 0
0 0
8413 2682
0 0
0 0
8399 5934
4885 0
8711 1989
239 0
953 0
642 7786
6175 5268
0 0
0 0
8791 0
1550 0
1422 0
8556 0
4965 0
0 0
5290 5276
7719 5677
0 0
4577 0
5871 0
6497 603
0 0
2558 2540
9137 8608
0 0
0 0
5732 0
4066 1800
7809 2530
5542 0
6648 3415
0 0
0 0
986 0
4257 264
5072 4920
352 0
0 0
1029 0
4709 0
0 0
0 0
5792 0
0 0
8864 0
174 0
2091 0
4439 4656
9610 0
1232 7407
8620 0
0 0
4158 2834
0 0
2089 0
8054 0
910 0
5992 0
0 0
4288 0
508 4753
0 0
9695 0
1807 9054
8410 0
0 0
0 0
5493 3693
0 0
0 0
82 4122
0 0
0 0
1315 0
4091 7591
3578 0
0 0
7312 2938
0 0
3346 9039
4574 0
362 3599
7752 0
0 0
0 0
1036 5240
0 0
8022 7319
0 0
2270 597
478 0
0 0
9685 0
8482 0
0 0
0 0
1536 0
899 7414
9186 6026
0 0
9441 3066
0 0
5519 0
0 0
6432 0
3741 0
7227 6213
4807 0
5821 0
2623 4399
7584 2882
0 0
0 0
1130 3843
0 0
2111 618
9305 6793
9699 2646
0 0
2503 7290
151 0
0 0
4400 0
3609 0
0 0
4361 9310
0 0
8751 0
4660 5345
2299 0
5034 0
0 0
7386 6957
8172 0
7243 0
8291 934
8662 8199
0 0
8666 0
0 0
0 0
0 0
0 0
874 513
6584 0
7154 5591
0 0
0 0
9553 425
5729 0
0 0
0 0
472 0
9132 0
608 0
9834 0
0 0
1537 5086
0 0
0 0
0 0
0 0
0 0
9149 0
0 0
0 0
9536 1629
6562 0
211 5913
3450 7044
0 0
267 2423
5735 0
0 0
7548 0
0 0
4508 6404
7093 0
0 0
4084 3710
0 0
5660 3135
0 0
0 0
5124 0
0 0
333 0
1312 8325
0 0
6296 1223
5322 6013
4050 0
0 0
0 0
0 0
7856 0
8975 0
0 0
7255 4755
1068 0
102 6689
569 0
0 0
21 2206
3880 0
0 0
0 0
0 0
4648 2362
0 0
4074 0
0 0
3238 1579
8178 0
0 0
1365 0
6298 4512
5255 6677
4732 5176
1150 0
0 0
0 0
0 0
8685 440
3449 4449
3602 0
1988 691
7491 8360
7630 0
0 0
2061 0
5437 0
0 0
3835 0
0 0
0 0
0 0
7097 9361
5416 3207
3195 108
522 7910
8110 8180
2319 7916
8994 0
5705 0
1142 0
0 0
7795 4282
4348 1764
8488 0
6742 0
3209 1199
4192 0
0 0
853 0
7062 0
184 7103
4687 1021
4903 1239
0 0
9421 2190
8300 1810
0 0
1075 9094
0 0
609 6533
3622 6427
0 0
0 0
8579 2263
0 0
0 0
7604 611
692 0
0 0
3691 8830
6803 7639
2629 0
0 0
0 0
0 0
9701 0
0 0
0 0
8553 5869
7209 8198
847 0
6761 1176
0 0
5859 0
0 0
5424 5754
0 0
4051 0
4329 0
2505 5140
0 0
3531 6825
8930 0
2934 4082
8644 6668
7266 0
0 0
1038 8996
6778 3007
6028 0
0 0
9145 8927
7852 0
8312 0
3083 3488
220 2128
2862 8689
9307 1948
3271 0
5341 0
3250 0
0 0
7831 579
0 0
1594 6868
6287 1757
0 0
0 0
709 7119
0 0
7074 0
3605 6166
578 0
6785 0
0 0
0 0
8949 2228
0 0
612 6255
0 0
1088 0
2266 8633
8607 0
9456 0
9951 0
4595 3265
0 0
7565 6129
329 3862
3565 0
1704 5096
8041 447
0 0
5186 0
0 0
3983 0
0 0
0 0
1364 0
8651 6131
8389 7024
2585 3176
0 0
9551 0
0 0
3370 1295
0 0
0 0
0 0
0 0
0 0
3837 1727
3662 0
0 0
0 0
4530 0
1849 0
5475 589
0 0
0 0
0 0
5594 207
0 0
7925 0
3797 0
0 0
0 0
3567 7460
3422 0
8848 0
2935 0
0 0
2449 6763
3230 8346
0 0
0 0
0 0
0 0
0 0
0 0
669 0
2291 0
4485 7521
3421 4873
8562 4443
2575 0
3057 0
0 0
1187 0
0 0
6362 1323
0 0
516 0
0 0
0 0
0 0
0 0
0 0
0 0
9031 0
0 0
3895 7230
4234 4606
0 0
0 0
0 0
6629 8900
0 0
0 0
0 0
0 0
902 0
5119 7028
4666 0
0 0
78 1709
173 6622
7079 0
7589 17
9189 4908
5223 4169
5215 4889
6337 0
8928 6988
0 0
6811 2533
427 9405
4159 0
6151 9081
6744 0
8008 0
0 0
3510 2225
0 0
850 0
3743 2355
3224 0
1563 0
0 0
5756 0
1947 0
0 0
0 0
0 0
0 0
0 0
3101 0
5810 5068
0 0
9822 3749
0 0
2422 7954
4325 9531
0 0
9402 535
7437 0
7110 4710
9100 6316
0 0
0 0
0 0
0 0
0 0
3740 0
0 0
8918 2268
2175 9556
0 0
5710 4621
0 0
0 0
0 0
4576 0
3987 0
0 0
5261 719
5641 8821
7969 0
0 0
0 0
328 7352
0 0
5697 0
4578 1912
3473 0
2309 665
1265 9798
6844 9848
1414 0
3628 0
0 0
9984 4178
0 0
5122 3320
0 0
4501 5944
3584 0
8131 8469
0 0
4072 7161
0 0
0 0
769 6741
0 0
0 0
7011 0
6965 9905
4689 0
1437 5541
0 0
7213 0
0 0
0 0
0 0
4823 5471
6252 3272
3909 8866
1983 0
0 0
7957 0
3281 9856
3715 0
0 0
0 0
9075 5393
0 0
9956 0
9288 9828
0 0
0 0
8931 8960
1554 3170
0 0
0 0
0 0
0 0
3771 263
0 0
9928 0
3563 0
7190 0
6281 8564
0 0
0 0
0 0
0 0
7217 0
0 0
7853 0
0 0
6086 0
0 0
350 9098
212 1000
0 0
0 0
0 0
206 6289
0 0
6684 0
1759 8461
8316 0
0 0
7101 0
0 0
0 0
0 0
942 0
260 271
0 0
0 0
0 0
8476 1120
9403 0
9399 7814
0 0
5421 2747
3075 0
0 0
0 0
4869 9522
4416 0
7568 0
6465 5356
0 0
8932 3088
5 493
9666 1248
1353 0
0 0
4893 8785
5426 0
4247 0
0 0
3831 9895
7261 1638
7635 0
0 0
0 0
0 0
0 0
0 0
2955 0
8836 0
4174 5074
8658 3819
0 0
2582 0
0 0
2943 0
7851 0
2083 2054
0 0
0 0
8854 0
2667 6423
7556 0
4740 0
8052 0
0 0
139 0
6760 5039
9047 381
364 0
0 0
1484 6898
0 0
0 0
0 0
2087 5736
0 0
5418 3349
2685 9874
5090 2337
3833 0
0 0
0 0
7766 4532
0 0
1377 0
486 8628
2732 1708
1499 0
3959 5963
0 0
9241 3129
0 0
804 9391
718 7347
2840 122
0 0
6328 0
0 0
0 0
0 0
2395 1934
9983 5307
0 0
8365 9953
855 8136
3793 0
0 0
2048 0
0 0
9118 292
1501 643
2312 2967
0 0
3212 9882
0 0
0 0
7637 0
7843 0
0 0
7156 4901
0 0
1686 0
2097 5350
0 0
7740 8863
0 0
1286 7335
5185 7546
0 0
1641 0
3476 9978
9684 0
0 0
556 9920
0 0
0 0
4413 751
1005 1693
3121 0
0 0
4350 0
6734 0
0 0
0 0
7323 3608
5536 8798
0 0
3519 111
7212 0
0 0
0 0
1826 227
6171 2662
0 0
5791 0
0 0
2443 0
9085 6301
0 0
0 0
3178 9759
0 0
9437 5127
0 0
4323 0
2186 8140
3667 0
5384 9468
0 0
0 0
6640 0
9233 4810
0 0
4854 9660
0 0
0 0
9093 0
7824 4511
2095 0
9873 9320
8917 7457
6983 6097
5914 0
4658 2669
5983 0
1124 2960
8462 0
0 0
0 0
7050 247
5514 0
7126 0
4791 4312
6494 0
0 0
0 0
6841 6582
6240 0
0 0
9467 0
2852 7539
6177 0
4848 0
777 0
6408 7250
7652 8969
4339 5084
8268 1090
1605 0
0 0
0 0
1701 7558
0 0
2866 0
0 0
5563 0
0 0
1117 2654
5967 4640
0 0
7750 8972
9802 0
5302 5354
0 0
6105 5390
0 0
2781 4154
0 0
5082 9469
0 0
997 0
5158 7405
0 0
0 0
3807 745
7470 8609
0 0
0 0
8189 4506
0 0
0 0
1944 0
0 0
0 0
9735 0
3728 2676
8026 0
0 0
4338 573
0 0
9976 0
0 0
0 0
0 0
8122 0
7882 0
5700 0
468 0
164 1204
2828 0
3711 9298
0 0
0 0
0 0
4404 0
6498 9422
0 0
9549 1024
3498 0
5912 0
0 0
0 0
0 0
2446 7106
0 0
3948 5338
20 6593
5482 0
0 0
0 0
0 0
0 0
0 0
0 0
0 0
0 0
0 0
8011 6021
5125 0
0 0
0 0
0 0
0 0
8289 6765
0 0
7868 0
7952 4184
9941 0
8757 0
0 0
6251 8526
0 0
9506 4150
9044 3158
7665 115
945 3053
3708 0
5550 2563
9466 8737
8029 9839
0 0
8768 119
8920 518
6695 2830
0 0
0 0
772 8152
0 0
0 0
0 0
6032 9008
5467 0
4887 3898
2576 8914
0 0
414 0
2424 0
1716 3136
0 0
337 2591
0 0
0 0
373 0
5507 0
0 0
6991 5601
91 7016
0 0
2894 0
2488 0
5209 6295
9082 661
0 0
9608 0
9644 0
6509 0
5993 4303
5099 0
40 0
2739 0
5612 6571
0 0
1394 8543
5198 0
787 1066
9607 7857
3160 0
3868 9962
0 0
7431 0
4398 2734
0 0
7322 5596
0 0
0 0
0 0
0 0
5287 0
7200 0
7608 0
9742 0
5848 5941
1614 0
0 0
5909 0
1526 8034
861 8752
7620 7953
0 0
0 0
377 0
7758 2940
0 0
7180 7753
4130 6643
8283 0
1014 4938
6715 0
7698 9294
3440 5885
0 0
0 0
3063 9404
0 0
5150 9470
1215 6243
5334 634
0 0
6722 8454
0 0
0 0
5911 0
3737 1321
73 0
9579 0
0 0
771 6941
6917 0
5520 0
0 0
0 0
3080 7199
5428 0
299 4575
0 0
3801 0
3061 0
8926 0
1078 4476
9245 0
238 6370
0 0
7214 0
0 0
4138 8810
0 0
524 0
9086 9965
6397 8585
7493 1657
0 0
9080 0
0 0
0 0
5977 9049
4201 7527
2390 7876
644 2436
2339 4274
0 0
6798 0
4773 1774
0 0
0 0
3295 0
1457 0
1518 8832
0 0
6857 0
0 0
0 0
2479 0
8337 0
5465 0
923 0
2705 0
9065 0
9328 5103
5028 0
0 0
1610 0
0 0
0 0
7285 0
0 0
8321 2142
0 0
3151 4251
0 0
0 0
8968 0
673 0
0 0
818 9811
7072 6388
0 0
0 0
7978 0
7340 0
7379 9184
0 0
7849 0
6754 417
4191 0
4298 0
8342 0
3359 0
7812 807
0 0
0 0
5986 9117
0 0
0 0
6051 1386
0 0
0 0
1428 0
4036 0
0 0
0 0
4310 0
7993 0
9981 900
2876 0
4195 0
1430 788
5646 0
0 0
0 0
4919 0
1546 0
0 0
5146 196
0 0
7592 7087
9982 0
4503 3120
9934 0
743 0
3103 0
0 0
7676 1122
6961 8935
759 0
2260 0
0 0
7408 0
8498 3533
7268 0
8547 2638
0 0
1744 0
7317 0
974 1864
0 0
3115 5922
0 0
0 0
4018 2435
1182 0
0 0
8632 9513
7006 0
4019 0
0 0
6185 0
712 0
4202 9499
1011 0
6049 0
8797 0
8601 8263
1846 0
0 0
9170 0
0 0
0 0
1244 4539
0 0
0 0
229 0
8523 0
0 0
7462 0
1329 3542
6976 983
8623 0
0 0
5772 0
1063 4696
2411 0
7962 0
8069 0
6273 0
3600 0
5990 0
1001 1547
0 0
0 0
4767 0
2338 0
9161 0
5328 6523
3239 817
4426 7241
2261 3365
0 0
5532 0
5900 4524
3204 2557
6318 0
3446 0
4242 3163
4209 1333
9819 0
0 0
7989 471
8710 5738
6547 8350
2134 0
0 0
4370 0
0 0
5769 7931
1461 0
0 0
0 0
0 0
0 0
0 0
0 0
0 0
0 0
0 0
9159 7275
0 0
5038 0
8977 0
5385 5623
0 0
0 0
9362 0
2631 5971
4909 604
4982 9252
7076 0
2607 0
9622 0
0 0
955 3902
3758 0
0 0
8374 8403
2047 6949
6565 0
0 0
8684 0
3901 5055
0 0
0 0
8795 0
0 0
0 0
2861 0
6724 6241
5628 795
0 0
0 0
0 0
0 0
4845 6264
4383 341
0 0
399 354
438 0
8447 0
0 0
0 0
7279 5892
0 0
9342 0
703 871
7605 0
7282 0
5225 0
6618 0
2756 685
6694 0
0 0
0 0
0 0
0 0
0 0
7585 4769
9514 2082
6268 0
123 0
0 0
8799 9215
1359 0
9488 0
0 0
0 0
9224 3225
9519 6815
0 0
0 0
6732 0
8046 0
7935 9201
0 0
0 0
482 0
0 0
0 0
6846 0
0 0
0 0
1621 0
4098 0
0 0
4881 0
9212 6300
8701 0
3751 0
0 0
0 0
0 0
3739 5016
0 0
7522 780
2340 7899
0 0
4495 8190
5734 2496
4422 0
5308 5349
0 0
1008 6220
0 0
0 0
0 0
9309 0
224 0
2397 0
5696 0
6821 7144
0 0
8119 8948
2851 0
1253 0
0 0
7305 1494
2167 8466
9230 9872
8216 3729
8285 0
7 0
462 0
7498 7873
181 8229
9324 0
6516 0
8139 0
9019 0
4327 8494
6271 0
0 0
5273 5076
3418 5638
0 0
1823 1598
0 0
404 9057
0 0
0 0
0 0
9969 0
2484 0
6507 9526
2269 6039
8098 768
1421 0
5718 0
0 0
9512 0
7693 3558
6972 0
0 0
4671 0
0 0
0 0
9717 348
2687 0
0 0
7446 0
0 0
9665 0
6354 0
2208 1277
1980 6378
6238 355
4994 0
0 0
0 0
0 0
2645 5687
7469 7122
3441 9343
2290 6373
6606 0
7920 0
3487 722
8680 0
0 0
1006 9483
5071 6632
5835 0
5753 0
5285 4649
0 0
2475 0
9538 0
0 0
8144 6774
888 2592
4555 2389
3582 0
3181 3716
0 0
0 0
4818 1997
5112 33
4300 0
5123 0
7059 5965
0 0
631 0
3342 0
1755 0
0 0
9172 2957
0 0
6757 0
1094 7264
532 0
0 0
5737 9908
0 0
0 0
0 0
4166 0
0 0
9691 0
2222 5535
0 0
0 0
740 0
7510 1200
9377 0
3846 9053
0 0
0 0
1968 347
0 0
0 0
3704 8416
8429 2473
3162 1882
0 0
0 0
891 8762
9589 2709
0 0
0 0
0 0
2267 3149
0 0
1040 8903
9485 0
6040 0
0 0
8238 0
7680 6064
5183 3795
0 0
5501 0
4470 0
4507 0
0 0
9249 6061
0 0
5806 0
408 3096
9105 4285
0 0
2451 0
0 0
6924 0
1283 0
6439 9530
1418 0
9345 0
6286 9765
8202 1205
576 317
552 0
0 0
0 0
5513 4113
1427 6714
6442 8372
559 0
4832 9179
4116 1858
3199 0
714 0
0 0
442 0
9537 0
0 0
8133 0
2444 0
0 0
0 0
9855 0
0 0
0 0
5325 0
6699 5346
0 0
98 887
7601 0
0 0
6132 223
6927 8124
0 0
276 5339
0 0
4332 2407
9300 3511
4379 0
0 0
4607 4265
3054 7811
0 0
6738 6254
8566 0
10 5953
0 0
7098 0
5974 0
226 0
1055 6190
5568 0
210 1267
6133 2237
0 0
0 0
0 0
0 0
5747 1070
0 0
9045 4859
0 0
6930 6304
3393 0
0 0
5506 7256
9560 2888
2316 9624
0 0
4167 0
4788 0
342 0
1840 1972
8535 6685
7328 4629
0 0
9975 2471
0 0
9929 4697
7777 9458
5939 6364
2562 0
1301 0
0 0
1236 0
0 0
607 6218
1385 0
0 0
4545 0
2414 8012
0 0
0 0
8451 9028
3086 0
9613 1861
9807 0
3409 4713
2532 6489
9397 0
0 0
8149 5023
0 0
2716 7636
8006 0
0 0
3095 0
0 0
8442 0
8000 575
5266 2944
8366 407
0 0
2028 9907
281 2765
4730 1765
0 0
3259 7114
5419 0
0 0
5438 4698
4290 3424
0 0
2767 0
8957 0
8274 6743
1159 7286
0 0
0 0
1197 0
6746 0
0 0
2590 0
7152 0
0 0
0 0
5580 5571
0 0
0 0
9868 4384
4221 4253
5452 0
8086 0
0 0
0 0
0 0
0 0
41 0
9507 514
3403 0
681 1420
1171 1884
0 0
0 0
0 0
7801 6545
2294 0
930 0
7776 731
0 0
0 0
0 0
0 0
0 0
4440 7464
0 0
0 0
0 0
3755 2779
3657 9780
0 0
7184 4254
0 0
8129 0
9777 0
1113 0
1543 0
8867 0
6419 8134
2418 0
5521 0
0 0
8225 0
8108 0
5938 0
0 0
2891 0
1219 0
5347 0
1441 4717
0 0
5590 2772
7983 9876
6168 0
8155 0
0 0
0 0
6723 6401
0 0
0 0
0 0
0 0
5987 0
0 0
1498 2863
6160 0
3226 0
2491 2477
2347 0
4639 0
1946 4981
6804 2546
145 0
0 0
0 0
7501 107
6126 5991
1207 0
5263 4083
3618 0
0 0
2737 3214
2378 3882
9494 0
6706 6357
8295 0
0 0
1739 387
5161 8096
0 0
7292 3809
5634 8115
9269 0
753 7310
1007 0
4148 6568
9741 0
3921 1310
7239 2601
0 0
1926 0
8908 3765
7065 0
889 0
6063 0
9606 0
218 44
0 0
7512 0
0 0
6089 0
1987 0
0 0
0 0
0 0
5981 0
7879 2144
147 0
6315 545
0 0
3027 1146
0 0
5171 0
0 0
0 0
426 0
0 0
2675 0
7068 6313
0 0
8279 5692
6690 4858
0 0
0 0
4421 5741
0 0
0 0
0 0
0 0
8857 54
0 0
0 0
0 0
8871 3022
0 0
599 0
0 0
6415 0
7671 0
0 0
6660 0
0 0
2327 8801
0 0
0 0
8244 0
4842 3944
1771 4739
7461 9221
8484 0
592 0
4679 7829
0 0
2695 0
1575 5864
1324 5615
248 0
0 0
0 0
0 0
3412 0
8048 0
3038 5398
4016 4957
4186 7771
2364 0
0 0
0 0
0 0
4450 0
636 0
0 0
3429 0
8916 0
0 0
0 0
7265 0
5236 0
8443 1672
8501 7372
868 5893
3718 0
1808 367
0 0
8386 6712
2644 7019
994 0
6611 6259
5330 0
3643 3219
0 0
9070 0
0 0
6257 0
0 0
0 0
0 0
0 0
6008 0
0 0
0 0
259 0
9396 0
0 0
3378 510
6372 0
0 0
7187 8811
5216 0
6513 3823
0 0
6420 0
0 0
9731 3972
0 0
5853 0
9136 1581
6345 7003
6469 7448
3437 0
89 9587
6042 0
0 0
0 0
3546 0
0 0
0 0
0 0
0 0
8755 8033
9365 5066
7216 0
2657 0
8588 3614
0 0
0 0
7192 0
0 0
6460 0
2783 1391
0 0
4626 526
0 0
0 0
0 0
1022 38
9635 8018
0 0
0 0
436 0
0 0
1503 0
1505 0
1562 8150
0 0
6017 0
8003 3951
2368 8355
0 0
2751 0
5092 0
1772 308
2241 3548
0 0
1241 0
5961 5004
0 0
0 0
6621 7167
2235 3570
0 0
5654 0
7118 0
3097 0
4838 9672
2678 183
7737 3671
7337 0
9463 0
0 0
8349 1189
8519 0
0 0
4674 989
0 0
0 0
9477 6592
3298 0
5637 3205
7808 1779
7370 4107
0 0
3472 1556
0 0
649 3000
0 0
6894 0
2937 0
0 0
0 0
3152 1970
0 0
0 0
6945 0
3872 9937
0 0
0 0
6658 0
6025 3467
671 1390
5576 0
0 0
8858 6887
0 0
2997 4458
1685 1463
85 2920
2092 7582
0 0
848 8509
0 0
1460 9582
9800 5825
4984 213
6564 8709
7673 0
1042 6862
0 0
0 0
9311 0
8396 0
0 0
0 0
3634 0
5998 0
1761 0
1564 0
1667 3808
2296 4526
880 0
5622 0
8328 8243
0 0
9594 0
4597 6471
6530 5052
5553 5306
0 0
0 0
9557 6890
5070 7253
4588 4851
0 0
3153 0
2413 8151
0 0
0 0
5787 8228
4389 3444
6829 1737
5797 4367
2115 0
9935 4364
4351 0
8716 9006
7821 6675
9229 0
0 0
0 0
1454 6718
823 0
379 8013
4222 0
1719 0
2932 0
3660 515
5179 3395
3384 0
7091 9843
6819 1028
1058 0
5408 4262
0 0
8659 0
0 0
3883 2565
6921 7235
0 0
8221 5780
0 0
9228 0
4203 0
4240 0
0 0
0 0
0 0
1335 0
2613 5147
8570 0
9384 6959
0 0
1111 3656
1889 8598
0 0
7458 8512
3084 0
5610 5228
0 0
2034 0
5005 0
6896 5664
9366 3383
7428 0
1073 2790
0 0
0 0
6661 4494
0 0
2823 1777
167 0
7789 7696
0 0
0 0
7780 0
7069 4373
0 0
0 0
4078 1770
0 0
1829 0
3293 0
6652 9450
5118 0
0 0
794 0
0 0
4185 8421
0 0
8669 0
0 0
3805 0
2108 0
9725 0
0 0
4946 0
0 0
6360 856
0 0
0 0
1780 4068
0 0
1941 0
2892 0
0 0
9262 5582
0 0
0 0
4128 7298
0 0
1191 7540
2600 3955
0 0
6102 7509
3058 4198
8596 875
9187 0
0 0
0 0
1256 5665
6476 507
0 0
5358 0
0 0
0 0
0 0
3695 3314
6176 571
416 0
3915 6290
459 0
7077 1145
9386 0
0 0
2574 9369
8806 5105
9462 4794
9289 0
0 0
7594 0
135 9276
924 0
1259 5845
5818 277
7246 0
0 0
6973 6184
6583 0
0 0
2060 0
0 0
7911 0
0 0
0 0
6391 9107
3122 0
7947 0
6246 4308
0 0
1805 3818
9175 0
0 0
0 0
9869 0
0 0
1751 0
0 0
5009 0
4761 9663
8672 0
0 0
1723 0
0 0
6888 8333
1410 5701
8517 9543
2652 0
2094 0
5303 4270
773 0
3173 9412
653 0
384 6493
0 0
2990 8246
0 0
7599 0
6096 0
0 0
0 0
8067 0
0 0
8183 3186
5045 705
4139 421
6288 189
0 0
1089 9239
9417 0
0 0
3689 0
4533 321
0 0
1412 0
9168 6283
7574 0
2079 0
0 0
5794 1343
1479 0
0 0
0 0
3919 2812
0 0
1964 7141
2925 0
0 0
0 0
449 0
6769 0
0 0
9997 5439
0 0
2289 540
8510 6816
2853 0
9756 0
7276 8619
0 0
2052 0
0 0
4935 0
2310 0
0 0
0 0
9103 0
0 0
7810 5473
693 0
8749 1450
748 0
0 0
3923 0
2396 0
0 0
9988 0
4029 0
1272 9600
9590 0
0 0
0 0
5663 5343
3779 0
948 338
0 0
6094 0
565 0
8657 5888
4441 0
0 0
188 3203
6998 5960
0 0
1282 5450
0 0
1169 0
3620 0
0 0
1059 0
0 0
3934 0
0 0
7881 0
0 0
968 2683
0 0
975 8210
4141 0
9460 8168
0 0
9518 0
8675 6277
0 0
7893 0
0 0
7979 1892
6182 7445
0 0
1953 163
1469 0
0 0
655 0
4704 3521
376 5136
5742 2010
0 0
0 0
0 0
1258 9541
1213 9095
854 3471
8777 0
0 0
0 0
312 0
0 0
6680 0
0 0
717 6461
6664 0
0 0
5907 0
6634 6615
0 0
8288 4187
0 0
9406 0
4317 7887
6708 9706
9998 0
9000 0
0 0
3350 5214
2674 0
3991 0
1978 0
0 0
2550 1374
0 0
0 0
7055 3863
821 0
0 0
9673 3852
0 0
1402 4745
7815 0
8184 0
1979 0
0 0
6883 0
6739 5481
5036 0
0 0
0 0
6162 7481
0 0
430 6939
9890 0
0 0
4979 4033
8538 4664
8641 6964
9687 0
5717 0
8138 0
4225 0
4153 0
9158 9223
1782 0
0 0
2466 0
0 0
1775 0
1998 0
0 0
2434 0
5298 4727
5058 0
290 0
0 0
7646 0
0 0
7595 349
3830 0
4475 0
3447 0
2231 0
1473 8085
1415 0
4612 8819
1252 0
7634 1722
7333 9156
6194 1627
0 0
0 0
9347 0
2462 0
0 0
999 0
1366 0
0 0
4652 2878
0 0
0 0
2749 0
9785 0
0 0
3887 0
0 0
9400 1305
0 0
0 0
8255 0
0 0
0 0
6759 0
686 4188
8678 5304
0 0
9025 4594
7504 6903
0 0
8504 3496
4419 0
2815 1125
4963 8973
5081 0
4995 0
8595 0
0 0
0 0
0 0
7226 6308
2553 0
7606 0
6899 0
156 9336
1033 1177
6683 0
2467 0
9751 0
6068 0
1652 3242
0 0
8392 7058
0 0
0 0
0 0
0 0
1026 9913
5562 3399
0 0
0 0
781 0
0 0
6007 6235
7577 0
0 0
0 0
0 0
7878 0
1718 3492
4724 4751
0 0
1516 9762
2251 9052
9296 3241
5366 3098
5752 0
0 0
4102 5460
6707 0
8296 0
0 0
4447 2774
9420 6033
2130 4734
928 0
0 0
3523 4301
0 0
4878 0
7692 0
0 0
5647 3884
0 0
9142 0
148 650
7010 0
993 7864
0 0
0 0
2371 1651
1438 0
9744 0
9139 4939
8445 0
3379 0
0 0
0 0
1814 455
9350 4971
7444 0
0 0
6572 8169
0 0
7233 1809
0 0
8147 1019
0 0
0 0
0 0
2551 0
0 0
2032 0
6495 0
4819 0
6050 0
253 0
0 0
0 0
4600 0
187 2922
3853 5288
3018 0
4105 0
0 0
6662 6180
8841 5190
4895 7439
2114 7441
6751 0
0 0
7561 1459
5528 5184
3180 0
5533 0
8557 4433
7943 0
8741 0
6319 0
6784 0
0 0
7395 0
9943 0
8341 8164
4799 0
0 0
3669 0
3445 8703
0 0
0 0
0 0
3535 0
6045 5505
3125 0
0 0
9861 0
13 9126
6617 1228
0 0
0 0
1711 0
1902 372
0 0
9614 0
0 0
0 0
5204 0
0 0
0 0
9475 6721
8521 9631
3989 4275
5301 3500
0 0
4573 0
1195 1927
0 0
0 0
0 0
2120 7344
8720 0
7105 0
0 0
0 0
198 0
5547 0
852 0
0 0
4465 0
481 996
8929 3197
9206 4780
8318 2009
0 0
5500 9048
0 0
8271 3220
8269 0
0 0
6082 0
676 2187
0 0
2122 0
7678 4176
7566 0
3848 0
4395 0
5581 961
0 0
0 0
9986 0
1999 7002
0 0
4695 0
6172 0
8673 0
9326 3060
5630 0
5807 8126
0 0
6217 8993
4086 5231
9064 3963
689 6167
5091 1873
0 0
2794 0
3297 0
9657 0
9226 2696
4998 0
7712 8460
1628 7240
8873 0
6239 0
0 0
4699 0
8207 0
1188 0
9222 0
3954 7638
7350 0
0 0
4445 8580
9027 9007
0 0
8446 4143
3373 5253
8796 6717
7349 544
0 0
4189 1423
0 0
0 0
8009 0
6092 0
0 0
0 0
3014 0
0 0
6818 3764
0 0
0 0
9146 0
3617 0
3392 0
0 0
1214 2923
0 0
1105 9862
973 728
0 0
7499 1517
3979 4983
0 0
3557 0
3890 0
1830 0
869 6969
3460 4896
5224 0
0 0
6260 0
6369 0
0 0
4471 0
4620 9580
7572 8910
4553 4882
0 0
8135 4970
3479 2999
0 0
4020 0
0 0
8031 0
8329 1153
3037 800
9121 0
0 0
4204 7813
0 0
1700 9293
48 0
1894 9024
9708 9240
3889 2939
6649 0
0 0
0 0
5851 658
2717 591
849 0
0 0
0 0
8745 6978
8747 0
8051 0
0 0
5887 4829
6630 4003
7473 172
0 0
5267 0
0 0
4397 0
9787 7895
7525 7277
0 0
0 0
0 0
3631 7422
4783 0
0 0
7338 1758
9658 0
6433 0
0 0
3520 3431
0 0
6575 0
8393 9627
9194 0
0 0
6189 0
8629 4295
5724 0
3407 0
9768 8191
0 0
0 0
5480 0
0 0
4777 3670
0 0
5699 8771
0 0
566 7507
8427 9775
0 0
4062 4596
402 8317
7128 6901
3113 6843
0 0
1845 5813
0 0
0 0
6464 8408
715 190
8303 9302
0 0
0 0
0 0
1435 169
0 0
5829 7906
0 0
1478 0
0 0
5040 0
5100 0
3155 0
9859 3746
3911 0
0 0
0 0
0 0
1957 502
1037 0
0 0
9810 9782
2233 2398
5359 0
0 0
0 0
8197 0
0 0
0 0
0 0
613 0
791 0
3074 0
3720 4520
0 0
0 0
9573 0
4498 0
0 0
8480 1020
0 0
5779 6195
9114 0
0 0
1760 0
9783 7143
2569 0
4134 8818
7798 2360
5804 1004
133 5396
670 186
0 0
3157 0
6380 7472
1141 8170
1632 4581
3814 8323
7238 0
0 0
0 0
9434 0
0 0
0 0
8103 0
0 0
7139 8387
0 0
0 0
9791 0
0 0
0 0
624 1151
8322 8876
3361 9292
3356 8217
2873 5409
2234 0
754 0
6641 0
0 0
1380 3148
5865 9329
2403 6540
4877 0
0 0
6808 0
390 9119
4012 2472
3865 0
716 4393
3316 0
3069 4207
3603 9436
0 0
5682 3491
4531 0
2014 0
9550 8727
5882 577
0 0
0 0
6731 0
0 0
0 0
0 0
0 0
0 0
8902 0
0 0
1209 6831
4454 3857
0 0
834 8331
0 0
0 0
0 0
0 0
0 0
2058 8879
9015 0
1290 0
0 0
0 0
2324 9140
0 0
0 0
0 0
7653 0
0 0
0 0
0 0
3878 6340
5873 0
7146 9714
0 0
0 0
1382 4291
0 0
0 0
5271 3679
7747 9091
0 0
3569 0
8050 7738
2958 4603
0 0
0 0
0 0
8946 6835
5831 0
6041 9709
8024 6003
8817 2184
9577 0
0 0
1622 0
0 0
9696 0
4948 3031
504 0
0 0
0 0
97 0
217 1238
0 0
0 0
5956 3288
0 0
0 0
0 0
1996 0
484 9712
3928 5763
4911 0
0 0
984 7624
4610 0
5921 1843
3156 4749
5546 0
2738 2273
0 0
4365 3438
0 0
1623 0
0 0
0 0
0 0
3451 0
6486 0
1121 0
0 0
4244 0
87 0
5152 0
6120 3778
0 0
0 0
3167 7451
0 0
7694 0
315 2897
0 0
0 0
0 0
3632 6078
0 0
632 0
3223 0
0 0
2637 6858
4929 0
5011 8814
3211 3029
8275 0
0 0
3869 3683
727 180
0 0
6581 0
0 0
0 0
826 5954
758 3792
0 0
2673 1648
7825 7088
0 0
9479 0
0 0
9678 0
0 0
0 0
0 0
0 0
4906 9901
5681 0
8182 564
9545 4263
7034 5425
0 0
0 0
7621 0
0 0
179 8809
3133 4676
0 0
7115 0
3161 0
6225 8881
1769 0
864 1645
0 0
0 0
2221 0
6200 8186
9130 5254
1587 0
5904 7054
0 0
4468 9885
0 0
0 0
0 0
4040 0
0 0
4814 0
5955 4497
0 0
1119 5559
4238 0
6154 0
9503 9127
5640 0
0 0
5407 3641
6781 7518
4591 0
0 0
0 0
4974 0
1354 6840
0 0
4284 9214
5434 0
8064 0
7968 1813
94 0
0 0
6233 8158
6546 0
0 0
9138 2648
2218 0
1115 1471
8555 0
0 0
6058 6787
0 0
6627 0
120 0
9825 8529
0 0
9489 6334
5503 1311
0 0
0 0
3825 0
5548 0
0 0
7804 7885
7013 4230
5881 0
0 0
0 0
5935 0
0 0
8264 9837
0 0
8273 0
7134 3348
8778 5860
7842 0
7551 0
0 0
7514 0
3759 0
4617 7657
0 0
7924 0
0 0
0 0
0 0
4528 0
8906 1166
0 0
0 0
0 0
4120 562
4002 0
5386 6670
5206 3555
0 0
0 0
5856 9219
0 0
0 0
0 0
3439 0
1660 630
8266 0
7861 0
0 0
0 0
0 0
0 0
0 0
0 0
2666 2516
0 0
4342 0
0 0
0 0
3131 0
0 0
0 0
2468 0
0 0
0 0
405 0
8148 0
0 0
6902 1132
5709 4347
6609 0
0 0
1368 0
0 0
7992 0
5558 5252
4175 0
6559 0
8435 8569
7194 4601
3615 0
0 0
5365 2105
0 0
6758 2149
6451 9166
7095 8420
6365 0
0 0
9208 0
2164 3106
7901 2710
9558 0
201 0
0 0
0 0
3820 0
0 0
8886 0
3875 0
4904 7607
9034 6948
0 0
4989 6536
2836 0
9559 9260
9339 0
5894 2252
9447 0
0 0
5300 231
0 0
0 0
0 0
1644 0
619 0
0 0
2377 8694
3351 5569
2686 0
4554 5798
7515 0
0 0
0 0
5657 0
2065 0
0 0
7765 6212
5947 0
0 0
0 0
0 0
0 0
0 0
389 9250
0 0
0 0
3532 0
4623 1721
0 0
8979 6756
0 0
720 4668
0 0
7614 0
1395 0
8998 0
6938 0
7220 5233
5012 1163
4827 6455
801 1540
5201 3903
0 0
0 0
5073 3247
8481 0
0 0
2567 4026
0 0
4551 0
4542 0
9066 9737
0 0
9481 4438
9308 0
1181 0
0 0
0 0
8646 2502
6481 0
1266 8743
0 0
0 0
2163 0
5364 0
7951 0
0 0
0 0
7047 0
0 0
4804 4396
0 0
7477 0
8884 0
0 0
7883 0
9443 7506
6302 0
4467 4635
9957 6560
2697 3597
4081 1792
6833 7177
5182 144
3091 0
3005 0
0 0
2126 9461
3815 3661
7562 0
7112 6574
0 0
0 0
5414 1746
1784 0
7701 5113
7063 0
9455 0
0 0
9668 8388
5375 0
0 0
1276 0
0 0
7382 0
8294 0
656 0
3192 7633
0 0
8444 0
0 0
7618 0
1819 0
6044 9505
7315 2278
6366 4311
9180 9564
7616 18
0 0
1034 819
5221 4868
6768 0
9847 0
8380 4227
0 0
0 0
0 0
0 0
7611 9072
9367 7675
0 0
1542 0
8744 0
7482 0
0 0
3566 0
8667 6725
7410 4035
8508 0
0 0
7174 0
3503 0
5410 0
0 0
0 0
0 0
7563 0
3490 7089
7367 0
8222 1534
0 0
1352 4058
0 0
2612 0
7309 0
3296 9912
4712 0
7664 0
0 0
4580 0
1616 1211
5037 0
6305 0
0 0
0 0
2856 0
1754 466
0 0
3867 7366
0 0
191 1977
790 7026
5444 2628
0 0
0 0
7172 0
2354 595
762 3452
0 0
917 0
6696 0
0 0
2500 8590
3849 3874
931 5262
4089 0
4164 925
0 0
0 0
216 7007
8265 9063
5707 1262
0 0
8037 0
0 0
0 0
0 0
0 0
0 0
5819 6942
9716 1167
0 0
0 0
0 0
9710 9213
1923 0
2463 0
7102 0
0 0
7860 9231
7534 0
7654 0
301 8661
0 0
3433 8036
0 0
0 0
1210 4492
0 0
640 0
7361 1875
3637 3910
1110 0
0 0
6173 3263
7092 0
7353 1495
8624 7494
2684 0
2257 7475
1698 0
3627 2178
0 0
7104 0
0 0
3598 1548
0 0
601 4663
0 0
0 0
6083 9284
2332 0
9306 0
9356 4117
3322 9424
8099 4064
1527 6000
0 0
0 0
4224 7998
2837 9188
303 3434
0 0
175 606
3964 2181
4235 0
2950 4964
858 0
0 0
0 0
0 0
6269 0
6457 0
9036 8072
9389 8626
1487 0
9730 4359
6209 0
7976 7706
9572 1003
1940 6577
4268 4430
0 0
8676 6654
0 0
0 0
3760 4059
7150 0
2416 9040
2168 8292
8715 0
4943 3485
8937 8728
7986 3744
1904 0
9266 2525
5830 0
0 0
5423 0
79 9257
6602 0
0 0
0 0
5202 1193
0 0
9123 7818
0 0
1881 0
6968 1260
8599 0
857 2816
7137 0
9806 0
0 0
1504 8518
0 0
2068 0
0 0
6431 0
6115 3232
6503 0
9897 0
0 0
9445 0
5295 0
0 0
0 0
9542 4281
4446 0
0 0
9972 8635
4432 0
0 0
0 0
3505 2987
3636 1982
0 0
0 0
4006 5188
3264 4519
0 0
7281 0
5595 0
0 0
9041 332
5512 0
0 0
162 9164
3686 0
0 0
3572 0
0 0
3650 6607
3871 9803
1057 0
814 0
2811 0
5260 2755
7819 2664
0 0
7081 0
7373 0
0 0
7303 1179
2805 3251
287 8990
8049 5329
0 0
0 0
0 0
0 0
9411 0
4527 0
0 0
3996 501
2547 0
1666 0
0 0
9236 0
6446 901
9285 0
8206 0
4151 1468
0 0
1903 0
0 0
0 0
5315 0
2217 664
976 9585
8712 6624
0 0
2539 0
6091 0
2849 0
1152 0
2005 0
6418 0
4172 9504
8966 1269
1060 4233
1069 0
0 0
0 0
330 0
1475 392
697 8760
6733 0
1322 8104
0 0
0 0
3104 6192
0 0
0 0
5626 6805
0 0
6426 3216
5461 1306
6812 4922
0 0
5026 3041
0 0
2517 1908
0 0
1513 0
9612 6311
5629 605
1378 3721
5889 4914
7426 3419
0 0
534 0
0 0
110 1915
2757 7588
912 8890
0 0
0 0
1945 0
9973 8527
5280 5551
6055 8491
0 0
710 0
9280 6477
1553 0
0 0
4493 0
309 7162
0 0
3735 7369
2545 0
7670 0
2342 0
0 0
0 0
4477 1831
7950 4328
232 0
639 0
0 0
0 0
8118 0
0 0
7782 9535
2968 9532
0 0
92 9930
0 0
0 0
5731 5609
0 0
0 0
5169 2869
6889 0
7697 7476
0 0
3652 593
5671 0
0 0
8597 0
7301 1016
687 0
972 9950
9720 3189
6590 4371
7713 0
0 0
8637 0
8558 0
0 0
7642 6596
3750 383
8452 0
0 0
7839 4125
0 0
7331 4702
0 0
0 0
5196 6054
5924 9195
9871 0
6113 3210
7037 154
4855 9318
2152 9141
0 0
3965 0
6381 6980
1009 60
8736 0
761 0
9576 1327
5712 0
0 0
0 0
0 0
3146 0
4797 5117
5744 8934
0 0
6335 9374
5101 0
4667 7325
8775 2571
0 0
0 0
0 0
5948 2067
2421 0
0 0
0 0
8490 0
0 0
4837 0
2864 0
0 0
9922 2412
1296 6919
938 7890
704 5950
2573 0
2113 7135
9491 0
6913 9264
6861 0
2929 0
0 0
0 0
0 0
0 0
5314 294
1466 0
2314 0
4824 0
0 0
2453 0
2200 9533
6875 8638
6555 0
5995 0
9830 0
9135 51
4715 0
0 0
7717 3375
9258 4779
3382 2615
0 0
6528 0
1062 0
1880 0
0 0
0 0
8205 2430
0 0
6119 590
0 0
1490 0
0 0
0 0
1597 3012
0 0
9645 8411
0 0
0 0
0 0
0 0
0 0
4031 0
8950 6384
6390 1608
8730 0
0 0
929 8120
0 0
0 0
529 0
7030 1841
7208 8343
3304 0
2295 8984
0 0
7412 0
5106 4321
0 0
0 0
461 8640
1715 0
0 0
0 0
0 0
0 0
2746 2117
0 0
7997 0
0 0
7107 0
8419 708
9313 1183
9617 8496
1552 5684
7684 0
5842 6145
0 0
1690 3841
0 0
0 0
0 0
2703 0
7959 5896
3032 5890
0 0
8441 8065
0 0
1424 2867
792 0
4013 0
0 0
0 0
6692 2155
0 0
0 0
1116 0
2384 2201
3290 0
9634 0
1901 7090
4212 0
2013 0
0 0
2586 831
0 0
9955 0
1637 2649
9509 0
0 0
3659 0
8176 0
9758 0
6799 9373
0 0
4014 296
8083 530
3905 9601
401 0
0 0
9200 0
291 1533
5065 9001
2735 3077
0 0
0 0
4525 4330
0 0
8568 4280
6797 0
0 0
6752 0
0 0
8058 0
851 1393
0 0
6398 6125
4071 0
8766 0
1162 0
7855 0
675 0
0 0
539 6122
7683 344
0 0
6410 6109
4634 0
3978 4811
0 0
3463 0
1895 6935
7396 1589
0 0
0 0
0 0
6320 9198
234 9478
0 0
3301 6276
9719 9409
0 0
5457 0
0 0
0 0
0 0
0 0
0 0
5867 0
5838 0
1491 4135
0 0
1883 6324
8668 4046
6950 458
755 1753
5241 1514
8091 7487
0 0
0 0
5432 8704
1749 0
943 8823
4820 8107
0 0
3369 4619
9099 0
0 0
398 178
9331 9605
0 0
75 1304
0 0
7000 0
0 0
2455 0
2982 0
4993 0
0 0
6441 0
1064 8753
0 0
0 0
0 0
0 0
679 0
4570 0
0 0
6393 0
0 0
305 0
8165 1583
3489 0
0 0
0 0
0 0
2597 3112
0 0
8750 2302
0 0
9038 0
8175 0
7086 0
0 0
2887 0
5883 0
0 0
6519 0
4758 0
0 0
1280 0
8922 6603
6599 3817
0 0
1015 0
1509 6164
654 6450
8074 9220
3595 0
1048 7775
8839 648
4318 8332
913 0
0 0
7173 8215
2329 0
6710 0
4514 0
5041 3336
8516 2978
5371 2240
0 0
0 0
6966 0
2050 2080
1137 9416
6358 0
0 0
7080 0
0 0
4633 4955
0 0
8432 0
6223 4319
3413 3783
157 0
0 0
5361 0
7708 746
8310 0
3761 0
0 0
90 0
6907 1126
5778 7368
4892 2948
2243 176
1143 7463
0 0
1728 0
1689 680
0 0
8334 9043
4886 0
0 0
5194 2286
4996 0
0 0
0 0
0 0
2116 0
0 0
9102 9586
0 0
3851 0
950 9013
0 0
4004 0
0 0
0 0
8063 0
6817 0
0 0
9418 0
2721 6767
5317 0
0 0
3748 0
0 0
0 0
0 0
1878 9916
8682 0
8713 5342
5218 0
2602 0
0 0
6598 5129
0 0
2367 0
0 0
0 0
9056 6385
3974 4101
0 0
2820 0
3574 3401
1185 0
2077 0
6303 0
0 0
314 0
8502 2743
9191 0
5931 3317
8653 1839
4305 0
113 6080
7530 8696
7490 0
3065 8911
8636 0
5564 1186
5238 0
0 0
6847 8212
2572 5299
1913 0
6962 4731
59 1294
0 0
3776 0
6179 0
118 0
7196 5327
6947 0
0 0
4182 8627
7955 8137
7299 8177
0 0
1084 0
736 9546
0 0
0 0
7365 274
1965 0
6208 6199
3462 0
8714 0
5573 0
4860 1474
2323 0
1633 1596
8773 0
5855 7149
0 0
9011 5656
8276 0
1106 0
674 4781
0 0
0 0
0 0
0 0
6880 0
0 0
0 0
7041 5774
7508 2908
0 0
0 0
9439 3398
0 0
2474 7716
9446 0
7880 9372
4684 0
0 0
5840 0
7727 0
8039 3942
939 7613
1551 0
3904 0
5199 5018
4140 8655
3432 7940
9879 0
2055 0
5579 0
0 0
3790 0
6483 9431
0 0
2773 0
6997 4988
3267 0
8530 0
5653 0
0 0
0 0
8524 0
3047 0
0 0
7466 2712
6691 0
3624 0
2624 0
4806 235
0 0
7875 29
6984 0
5854 0
0 0
0 0
9919 0
0 0
0 0
0 0
2030 0
469 0
3812 0
5470 9915
4949 1375
2433 0
0 0
3730 1127
2848 3430
0 0
0 0
0 0
5222 0
4874 9177
9016 8402
4197 4486
2564 0
7248 3089
7287 0
0 0
0 0
0 0
0 0
1381 0
1981 0
9851 1619
6663 0
0 0
9625 0
0 0
2791 0
5937 7228
4434 4654
1910 7732
0 0
0 0
3658 0
0 0
5456 0
0 0
7459 0
7197 8245
1559 7496
0 0
0 0
3046 0
5678 5001
0 0
4843 0
0 0
3571 0
4867 0
9603 3785
3562 7783
0 0
258 662
4561 5445
9628 0
9881 3094
2350 0
8577 0
1507 8472
1522 0
0 0
7714 0
0 0
3107 8826
2708 0
5451 6963
5781 6946
7996 0
0 0
8938 9544
1226 1603
7254 6207
0 0
9169 7739
0 0
375 0
0 0
7390 959
0 0
0 0
5044 4646
1465 0
2198 0
3201 0
9865 0
9570 9152
8097 0
385 0
4961 7772
8652 0
3786 0
0 0
8936 0
2176 5030
485 0
9030 9713
9757 0
0 0
7234 7164
0 0
1812 0
0 0
7356 0
2846 2131
7627 9745
0 0
0 0
3282 1168
9776 3969
4412 1155
0 0
7705 4094
1445 4937
3834 327
4403 0
7550 0
6029 1887
0 0
5373 9707
4315 2392
2046 0
3102 0
0 0
7420 0
7917 4067
8093 2788
0 0
0 0
4108 0
6512 9120
0 0
914 7157
2668 0
1612 0
1961 8540
9990 0
3464 0
0 0
0 0
0 0
4 7598
2689 6929
0 0
541 8862
8693 6556
6730 0
104 5486
4322 0
2026 0
2914 0
0 0
0 0
0 0
570 0
8732 0
5318 4546
0 0
0 0
1703 0
0 0
2351 6679
7318 4118
0 0
3897 1419
0 0
0 0
394 9864
8573 7329
0 0
0 0
0 0
0 0
0 0
7623 6614
3577 0
7249 0
5852 1481
0 0
0 0
6508 0
7902 2672
5156 0
9792 4097
4241 9883
0 0
7707 0
3732 0
112 5234
9793 4043
4112 4899
1261 8241
0 0
8017 2298
0 0
3443 0
8878 0
0 0
7176 1472
6221 9680
9444 7751
6520 6088
4936 0
0 0
5374 0
0 0
5556 0
7523 0
0 0
4200 0
93 0
0 0
0 0
9959 0
2800 838
0 0
0 0
0 0
4429 5497
0 0
2792 0
0 0
0 0
3738 4529
0 0
0 0
0 0
5205 0
0 0
0 0
1347 256
8339 5049
9430 8536
0 0
0 0
9788 0
9772 1853
5029 0
2720 0
0 0
956 1371
5680 0
1235 5116
0 0
0 0
0 0
5083 0
0 0
0 0
0 0
4216 2698
9202 0
4808 0
0 0
0 0
1452 2283
0 0
8991 0
2035 7872
0 0
0 0
0 0
0 0
0 0
3374 4680
1203 1348
6552 116
0 0
0 0
0 0
0 0
7231 6148
5320 0
3864 3217
6514 0
9562 3179
4541 3799
0 0
6186 340
5495 4775
0 0
8059 0
3253 2276
0 0
0 0
2659 6336
8560 0
3777 6789
6845 6331
6351 0
6749 9671
6342 0
6103 0
5411 0
0 0
8852 3688
3459 0
8794 0
2510 0
3550 8894
0 0
4516 4302
0 0
4345 4277
0 0
5381 0
5141 0
4372 7357
0 0
4692 0
1206 1720
9143 0
9565 6716
6294 5363
3306 0
0 0
0 0
8073 0
5545 0
0 0
2199 0
9966 0
0 0
0 0
3417 2786
4346 1240
0 0
0 0
7179 7779
4070 5508
1044 9718
0 0
738 0
8028 2336
7263 1332
3042 4816
9291 0
8257 0
0 0
1376 0
796 0
0 0
9238 3109
0 0
0 0
0 0
4455 0
8520 0
0 0
0 0
0 0
690 0
1288 5613
2023 0
6002 2096
8231 6860
1071 0
8352 0
2429 7415
0 0
457 0
3986 0
1108 0
141 0
3665 3070
0 0
7964 0
0 0
6443 9427
0 0
1431 0
506 2650
7794 0
9484 0
0 0
5079 0
106 0
2303 0
3564 0
2544 0
0 0
8698 4583
6352 4355
8357 5693
5857 0
3302 9492
0 0
6395 0
4543 0
7663 0
0 0
4259 8847
8209 3144
0 0
0 0
0 0
8853 503
5891 5644
4463 8889
0 0
0 0
1956 7834
9918 1287
6646 0
275 3607
0 0
1795 8855
2195 8302
8921 7942
8251 7443
0 0
629 2560
0 0
1525 0
8455 2183
0 0
5599 0
3766 4703
2465 0
4852 0
0 0
0 0
0 0
4061 832
3690 5340
4782 5181
0 0
9017 0
6100 5863
0 0
6970 1646
0 0
9746 0
2814 4024
0 0
0 0
5655 9270
5360 0
6856 0
1154 0
0 0
4774 3769
7294 0
9917 0
8997 3926
588 0
0 0
3193 1529
3172 9692
0 0
9333 6437
6211 0
9652 0
7195 9471
7153 6558
0 0
0 0
488 0
7854 0
9273 4644
6719 0
0 0
1990 0
0 0
0 0
0 0
4490 0
1994 8691
0 0
3165 0
5400 0
1500 0
0 0
0 0
8613 7745
2140 8305
4206 0
7008 0
2606 0
4388 0
0 0
6521 0
5932 0
3300 0
9392 3826
3469 0
0 0
0 0
0 0
4941 0
0 0
8371 2599
4415 9232
0 0
8439 0
3215 6669
1275 0
36 0
0 0
4694 0
2980 0
0 0
4682 0
0 0
0 0
6839 0
6848 7215
5143 4927
0 0
2452 0
0 0
2127 8397
0 0
0 0
5093 0
0 0
9801 0
1400 0
0 0
0 0
7828 0
0 0
0 0
2445 0
280 0
9435 8688
9827 0
0 0
0 0
3307 0
0 0
0 0
937 1097
8112 0
585 9322
0 0
3123 6447
0 0
4215 6226
0 0
0 0
0 0
0 0
0 0
0 0
7272 0
1515 0
2858 4015
0 0
0 0
2343 0
4707 0
2719 0
8254 0
0 0
0 0
0 0
9927 0
0 0
0 0
0 0
0 0
5862 0
3081 4642
7695 6110
5958 1497
6201 1885
7049 0
7743 3330
0 0
0 0
0 0
9615 0
0 0
4875 6079
5067 0
0 0
0 0
2464 0
49 0
3757 1268
5801 0
6253 0
0 0
0 0
2744 0
828 2847
0 0
3347 0
221 0
7557 8005
0 0
9588 0
5269 2740
2810 0
4344 0
4716 0
8970 0
0 0
0 0
4349 8963
6535 0
6906 3770
3175 0
0 0
6459 0
0 0
9413 6569
1134 0
724 0
0 0
3960 0
0 0
0 0
6321 793
8319 6711
8885 3208
5627 0
9087 0
0 0
0 0
1361 5723
2062 0
0 0
4353 0
4499 4871
8367 3388
0 0
2860 0
0 0
9838 0
0 0
1832 3341
6250 0
0 0
3633 1512
0 0
2589 3860
1379 0
6011 0
8457 3312
0 0
9341 877
8395 8474
5282 7219
0 0
6143 9060
6881 4840
0 0
9540 0
528 0
1962 1681
3838 8999
5946 7178
998 7760
0 0
0 0
7661 4448
5035 9255
4333 0
0 0
3016 4410
7946 1590
883 0
5614 0
4737 2282
1620 4566
3625 0
8102 1178
8261 2993
0 0
7247 0
0 0
3810 2230
0 0
0 0
6376 2441
0 0
7836 1444
0 0
0 0
0 0
5675 8409
0 0
3410 0
4977 1992
8533 1506
0 0
0 0
0 0
203 1773
8583 8690
4104 4973
816 688
5943 0
6705 672
7245 7531
782 4589
7926 2722
5587 2086
1456 0
0 0
0 0
9248 1051
3273 7736
3589 0
8471 0
9977 6753
1668 1642
6771 0
3579 8660
0 0
3448 9079
2916 3071
3995 0
866 0
3763 0
0 0
8109 0
1538 3781
3068 5239
0 0
7597 0
0 0
1669 4657
6851 0
7257 9002
2006 5928
0 0
7056 0
6563 4866
370 954
2088 7188
0 0
9932 0
7339 0
222 7833
4801 9358
4095 0
0 0
0 0
0 0
1712 0
6267 8477
6435 0
0 0
9511 2804
0 0
4482 0
0 0
0 0
3055 0
6526 0
7596 9348
0 0
1462 0
744 1432
5619 0
2797 0
4763 0
0 0
0 0
8933 7803
0 0
487 7905
8094 0
0 0
6802 8708
0 0
1874 0
8614 9704
0 0
4536 0
5750 0
0 0
0 0
0 0
2627 4659
0 0
8019 9218
5051 0
0 0
2321 0
0 0
0 0
2259 0
0 0
0 0
574 8132
0 0
2854 0
0 0
6886 0
6960 0
568 0
2359 4690
0 0
5376 0
628 0
3866 0
0 0
2056 3311
3105 0
9432 0
5022 9642
6448 0
117 9155
0 0
0 0
6644 3062
3646 7541
5972 0
0 0
0 0
0 0
0 0
2428 288
0 0
3188 9204
194 1434
625 0
7650 6405
8385 0
0 0
1959 26
7711 841
2616 0
9754 0
4228 6515
0 0
3676 2213
8044 43
0 0
659 4273
8656 0
0 0
5783 3456
0 0
0 0
583 0
7283 71
5008 0
5353 5578
1730 0
9924 4559
282 6794
2561 5841
1766 8899
7425 0
6777 4641
9773 4214
7166 0
0 0
9690 0
0 0
3190 4613
7129 0
5997 8500
80 3513
7984 0
0 0
2188 6501
8314 9501
9555 0
0 0
1510 5766
0 0
0 0
6588 3827
128 0
4647 0
7841 0
7330 647
4846 6688
0 0
7679 0
3784 0
1677 0
0 0
505 8434
0 0
0 0
0 0
0 0
5572 8308
0 0
2281 0
0 0
8475 0
7316 3198
5645 0
859 0
7720 0
1745 5057
1345 0
5566 0
5726 0
6928 0
0 0
3141 8995
0 0
8463 1695
638 0
8964 0
5069 2103
3754 0
4822 8974
0 0
1328 0
5420 0
7278 6905
0 0
4336 9921
0 0
0 0
7832 4579
0 0
1157 5174
0 0
5462 4720
2011 4918
0 0
9944 0
0 0
6704 7865
0 0
0 0
0 0
1285 9426
0 0
5180 0
0 0
6066 0
1886 0
4556 0
4017 0
5429 0
1827 0
2494 0
0 0
0 0
1680 9051
2768 3957
0 0
0 0
0 0
8020 0
2872 0
824 0
0 0
0 0
8531 7029
7321 7710
2306 0
0 0
8127 0
2457 9009
809 3698
9574 27
0 0
0 0
0 0
0 0
0 0
7485 0
627 5529
894 6864
5530 0
2671 0
5764 0
7012 0
0 0
30 0
4180 0
2265 5163
623 0
5847 6037
7660 0
8789 0
4316 909
1202 0
6274 0
7009 5565
3930 3645
0 0
2594 0
7923 0
4271 0
9903 0
285 0
8642 7723
5415 6814
3049 0
1888 797
0 0
7971 0
1521 3483
5405 0
8786 0
7517 0
2593 4256
0 0
0 0
7236 9074
0 0
6676 0
249 4053
0 0
1855 0
0 0
0 0
3956 0
6943 0
6918 1916
0 0
666 0
0 0
7398 0
2442 0
6895 0
0 0
8423 8117
369 7734
3196 0
6307 1863
96 0
0 0
4673 6107
3475 1480
0 0
7668 1356
0 0
5126 0
3854 0
4409 0
825 4232
8061 0
2125 3428
0 0
1859 9274
0 0
752 9575
4785 0
2679 0
4940 0
8954 1919
1318 7025
4079 454
4931 3551
9761 0
8208 0
6496 1747
5433 2523
0 0
0 0
3648 0
2330 2841
8354 1935
7533 0
300 2825
2723 3040
0 0
918 0
2369 1317
3372 1257
8631 9936
0 0
5148 555
6926 2002
0 0
3668 6586
5337 1102
7913 2776
0 0
6466 6671
8080 7816
0 0
9626 8681
3287 326
476 0
6551 621
359 3140
9829 5144
4793 0
1372 7573
580 0
5886 3700
0 0
4362 0
5246 4173
0 0
0 0
0 0
1050 5387
8162 4764
8384 0
146 9906
6150 0
8076 143
0 0
9831 6204
5316 0
3813 8734
0 0
9058 475
3454 6511
2102 0
1384 0
6806 7140
0 0
1676 0
5362 0
5483 9332
0 0
0 0
0 0
0 0
0 0
0 0
4145 152
4217 0
0 0
7682 7759
0 0
1963 789
2587 4706
8030 0
1067 0
5685 0
391 1369
0 0
0 0
7071 7749
9529 0
0 0
0 0
2813 0
5017 0
9609 0
0 0
0 0
0 0
5616 9786
2651 0
8584 0
2971 5908
1087 0
6659 0
9089 0
3553 0
2374 3010
9003 5659
6428 0
3064 0
1135 7513
9251 0
0 0
4161 5949
0 0
2274 0
2898 8807
8772 0
1781 3169
8851 6327
0 0
4883 0
667 0
5167 0
5333 8604
0 0
8559 0
0 0
3888 2543
3221 0
7869 0
5251 109
7218 0
9954 0
6030 7677
0 0
1786 0
0 0
5905 0
0 0
0 0
16 713
0 0
7262 0
0 0
6343 0
1027 0
9812 28
1229 1351
0 0
3345 4681
0 0
6585 1532
6349 4915
8576 0
8870 2875
7721 0
5114 0
0 0
6139 0
353 7576
3119 3132
1225 6479
0 0
5172 3227
0 0
0 0
4631 0
0 0
8298 8896
3291 7033
0 0
0 0
4011 0
5291 0
0 0
5666 0
783 9162
921 527
7429 0
0 0
8647 0
0 0
0 0
0 0
4930 2921
2173 7792
5061 7503
0 0
6773 0
0 0
6682 6010
0 0
382 0
7388 0
4366 9715
4408 0
9234 0
0 0
6944 0
5875 0
6842 0
699 8959
572 3541
1958 0
4750 2896
8426 0
5902 6258
3234 5485
5982 0
4137 895
3126 0
4155 0
2018 0
0 0
8377 0
4565 8532
3549 0
4637 2913
5552 9832
3276 0
1588 0
7647 0
8130 0
2132 7497
0 0
1607 4022
1237 0
0 0
0 0
0 0
9167 0
5232 0
9394 0
7575 7543
0 0
2690 5502
0 0
397 8425
1933 1907
1302 9947
8016 1682
3829 9669
9659 5823
0 0
3260 2766
4375 0
0 0
0 0
0 0
2250 0
9474 1270
0 0
6084 0
0 0
3913 0
2728 0
1170 9502
241 2288
0 0
8978 0
2248 0
906 0
0 0
3794 8981
5305 0
8282 0
9281 9317
6077 0
6153 0
3124 158
4802 0
3321 8869
0 0
3644 0
9464 2753
6206 9632
0 0
3653 2715
0 0
1049 0
0 0
1674 0
0 0
7590 0
0 0
0 0
3404 0
7898 739
2301 8240
5524 870
8503 0
0 0
970 0
0 0
3420 1955
8985 0
0 0
4246 5884
3335 0
9971 5833
3329 0
0 0
6027 9337
2970 159
0 0
8645 0
0 0
8735 0
4733 9970
3789 0
2044 0
0 0
5027 3908
0 0
0 0
8200 0
0 0
7850 0
6870 4245
4942 7994
8686 0
637 7371
0 0
6653 7005
1635 0
5917 0
2799 3791
4636 0
881 1083
810 0
8378 9723
7884 1035
9370 0
0 0
8700 0
0 0
0 0
0 0
6067 0
6487 76
7669 1018
6018 357
0 0
0 0
0 0
4742 0
1300 0
5187 2640
3798 0
0 0
0 0
0 0
0 0
0 0
0 0
9779 5000
0 0
4831 5631
0 0
9688 0
3100 0
0 0
0 0
7300 0
7807 0
0 0
0 0
5927 5652
4248 0
7564 0
3702 0
3481 0
0 0
8665 5636
0 0
1289 81
0 0
9133 0
0 0
6203 5297
2986 8545
6332 5824
5560 7791
0 0
4131 0
5235 0
5672 0
0 0
1609 0
1531 6780
3286 9623
0 0
6261 9360
8464 0
2043 0
7274 0
3697 1309
225 0
0 0
7593 0
1707 5294
0 0
9766 5811
5880 1726
8956 0
0 0
1218 0
5837 0
0 0
2536 0
9267 6463
0 0
0 0
2408 72
1388 0
0 0
0 0
0 0
9122 5454
1872 2121
5229 2633
8156 0
0 0
0 0
0 0
6135 3545
8449 2197
0 0
3366 0
0 0
6020 0
9567 7393
0 0
479 62
4616 7342
3506 0
9190 8748
2352 9893
0 0
0 0
0 0
0 0
0 0
5279 1842
0 0
2194 0
2057 0
0 0
2039 9597
4952 3111
3269 0
6035 0
0 0
0 0
6438 9364
5870 200
3213 4568
8571 6538
3970 8769
3093 2713
4746 3354
6325 0
5332 732
3538 4313
2154 0
0 0
6006 4484
4488 5007
7346 0
0 0
2487 7432
3257 9211
9275 1396
7454 8578
8955 9523
7413 0
0 0
0 0
0 0
5816 0
8718 0
0 0
3892 0
3099 4231
5431 8893
2817 9790
3664 0
0 0
5459 701
2630 0
1568 7904
0 0
726 0
596 1824
2983 5805
2806 0
8961 7688
7681 5605
0 0
7985 0
3946 0
0 0
4844 0
5544 0
1848 0
1346 0
0 0
5577 0
0 0
0 0
6214 8256
0 0
0 0
0 0
9733 7862
3580 0
0 0
1470 0
0 0
0 0
7100 2483
4549 9900
0 0
7988 0
2076 0
9676 2069
6923 0
0 0
0 0
4023 0
6338 7417
0 0
0 0
6142 964
132 0
9643 0
0 0
1931 4655
9020 0
0 0
5690 0
0 0
4267 0
9497 7612
8880 1918
0 0
4041 0
1663 6810
7320 0
1906 3364
6355 0
8838 7729
0 0
0 0
0 0
5203 6134
0 0
0 0
9820 0
7770 2831
958 0
4124 2326
0 0
8788 0
19 4391
4452 0
465 6454
9101 0
8850 7511
0 0
0 0
0 0
428 0
1101 0
0 0
5164 5635
6482 9639
0 0
0 0
0 0
0 0
6974 0
4460 4037
5743 0
7687 0
268 0
0 0
3164 9173
0 0
2537 8299
6542 9423
2994 0
3539 0
0 0
9327 7061
6910 0
366 2357
602 1032
6333 6667
5702 1082
8887 0
3508 0
2919 0
0 0
2656 9454
2915 2883
7767 0
4199 4587
8068 2577
0 0
0 0
498 7293
1816 0
0 0
6329 7311
0 0
58 0
6453 4888
4567 3495
1748 0
0 0
9670 2692
5925 0
6155 3899
2410 4163
0 0
786 47
3405 3859
3310 0
0 0
67 9703
0 0
4876 0
0 0
0 0
0 0
0 0
0 0
0 0
0 0
0 0
3680 2262
2909 2098
6674 0
53 0
6227 0
9254 0
7797 2353
1194 2138
0 0
0 0
7400 0
0 0
7169 1555
2665 5020
5286 0
9534 0
7032 0
0 0
5762 0
0 0
0 0
0 0
0 0
8027 8945
8468 9931
7970 5165
1871 0
57 0
4341 3240
170 0
5064 2432
8544 0
9174 2951
0 0
7421 3980
0 0
7018 0
0 0
6956 0
1876 1355
7569 0
9958 0
0 0
6350 310
0 0
0 0
0 0
0 0
7108 2610
0 0
0 0
0 0
0 0
0 0
7397 2193
6178 3187
0 0
0 0
272 0
0 0
4286 5380
1190 0
0 0
6865 0
2166 74
8233 561
581 7057
7478 0
261 1921
1665 0
0 0
0 0
9702 0
1925 6550
2526 6038
9111 2004
0 0
6312 2100
5777 7820
3997 0
5790 0
0 0
334 0
3166 0
0 0
1107 5689
3019 582
0 0
9312 0
1860 0
0 0
1370 0
2021 0
0 0
9153 0
351 7027
0 0
3150 8723
0 0
4299 9646
3896 0
8874 3537
0 0
5730 4509
0 0
3222 5449
2335 0
3159 0
0 0
7788 0
4478 6698
7939 1325
2049 0
1433 5132
0 0
3945 0
0 0
9789 0
9398 0
1250 6057
8145 4966
0 0
0 0
3017 0
4608 521
9325 0
0 0
2025 0
3933 0
9217 5402
2387 1230
8763 1865
3028 3536
0 0
0 0
6824 8514
1914 0
9750 0
0 0
5758 9994
0 0
0 0
2835 0
0 0
5487 0
1308 0
0 0
0 0
0 0
0 0
5443 3528
6897 9393
0 0
0 0
0 0
5686 0
0 0
985 0
3280 0
9203 1052
8846 0
5761 9824
0 0
5382 3145
7004 0
8259 0
5077 0
8079 0
0 0
0 0
84 988
0 0
8194 0
6651 0
0 0
0 0
0 0
3332 7341
2977 8335
5759 0
5389 0
7021 0
7170 4226
2718 0
4010 1705
0 0
0 0
0 0
0 0
7159 0
7471 2542
2313 7401
7295 8154
8038 0
7802 9106
0 0
3248 0
0 0
1675 862
7538 0
0 0
8891 8605
8174 3025
0 0
7643 3674
6485 0
5326 0
6147 0
0 0
1164 9321
0 0
9764 0
2761 4425
6933 0
7871 6940
0 0
5698 6539
3425 4590
0 0
0 0
0 0
0 0
0 0
3981 0
0 0
0 0
0 0
0 0
0 0
1691 0
0 0
6628 4491
6697 0
0 0
8953 6952
4115 0
0 0
0 0
9344 6379
7014 0
0 0
2555 0
5979 0
0 0
0 0
779 0
0 0
6832 3705
5942 2245
0 0
9961 0
1508 0
2223 0
4211 0
0 0
4093 9591
0 0
830 0
7351 8761
2524 0
5085 0
0 0
3526 5289
0 0
0 0
2514 0
0 0
0 0
0 0
1180 1655
4700 2136
0 0
9724 2145
7113 5608
0 0
2051 0
5447 0
1793 9116
0 0
9124 2406
9611 0
6022 0
2641 0
9059 8702
0 0
6770 0
4841 2253
3855 0
3274 6098
0 0
4103 0
0 0
0 0
0 0
0 0
911 9767
0 0
1255 0
0 0
0 0
0 0
5098 509
1877 4665
7967 0
9205 5515
8166 0
0 0
0 0
0 0
0 0
8594 0
0 0
0 0
6776 9495
0 0
3076 0
0 0
0 0
3331 0
2334 8872
410 7722
3696 0
0 0
0 0
4126 0
6678 1788
7709 0
5477 5217
325 0
0 0
8235 9452
2515 9376
933 8227
0 0
9073 0
0 0
1900 4255
0 0
8897 0
0 0
1453 711
496 0
1173 0
0 0
6681 3925
8654 0
0 0
1156 765
6580 4171
8081 7381
2141 7936
1966 0
6491 4821
5313 9840
9104 2238
6764 0
0 0
1974 0
6693 0
0 0
8358 0
785 0
1198 946
0 0
0 0
0 0
7125 7391
0 0
8272 0
0 0
3056 6034
0 0
3127 6608
9583 434
6893 2596
0 0
6413 1706
6554 867
2017 0
5784 1847
0 0
0 0
0 0
0 0
0 0
0 0
0 0
6600 4160
3001 8146
0 0
3733 0
8615 0
0 0
1405 5244
0 0
0 0
0 0
5843 3522
1580 4156
0 0
7453 7314
3252 0
6219 0
806 7124
1002 5874
9729 0
6884 5220
0 0
0 0
3723 2701
7083 7806
4735 941
7929 3694
3457 0
0 0
6642 1061
5249 3394
0 0
0 0
5499 7449
0 0
9968 4110
9721 0
6782 8860
0 0
5803 0
0 0
4534 0
1920 0
7392 0
0 0
0 0
5585 2844
7685 1493
4718 0
0 0
3048 4725
0 0
9182 0
9894 8942
0 0
2578 2959
0 0
0 0
2930 165
0 0
767 6504
2782 335
1502 0
4722 3701
4401 5050
8309 8947
6783 2989
0 0
9993 7645
2927 4951
0 0
0 0
9371 0
0 0
0 0
6224 4744
0 0
8459 0
7207 0
0 0
0 0
6140 6975
6796 0
8840 2480
8783 0
8602 7060
8837 7938
6633 2417
4714 0
2476 0
0 0
0 0
1969 0
0 0
0 0
0 0
2038 7051
0 0
4417 0
5095 2372
0 0
1938 0
0 0
5075 7990
0 0
7982 3907
520 3043
0 0
1844 6382
7182 0
0 0
0 0
1408 3339
2363 1572
5876 0
0 0
3355 2903
9770 5469
9940 0
6074 0
9388 0
0 0
3796 0
5207 6986
0 0
0 0
0 0
8618 0
9014 8405
6915 0
8670 0
7529 5918
7183 0
2383 497
5489 363
0 0
2622 0
7667 4374
0 0
8612 2370
5920 0
0 0
547 0
2973 1401
1735 1896
0 0
195 0
0 0
7171 0
2621 0
4307 450
6048 3803
2513 0
131 0
8802 8025
553 0
0 0
7726 3836
9414 5010
208 4572
0 0
3194 5826
3343 3540
0 0
683 2280
2976 0
5309 0
86 9395
0 0
2963 0
0 0
9599 0
1683 8904
7837 1336
885 3391
3442 9297
0 0
0 0
7427 6700
1688 7756
4853 161
3703 0
0 0
0 0
1013 2942
1776 6807
7877 0
6728 5120
0 0
563 0
9408 0
6371 7796
0 0
0 0
37 500
0 0
2969 0
7085 0
46 0
6075 0
3559 0
0 0
0 0
0 0
4052 5583
6745 3973
0 0
0 0
8506 4708
6666 2029
0 0
9131 9698
0 0
0 0
5015 0
6210 1815
0 0
542 2085
9813 0
1640 0
2899 0
3935 8664
422 4778
0 0
0 0
4870 776
0 0
8976 1891
0 0
0 0
0 0
9246 0
8278 0
2081 9677
0 0
951 56
5844 0
0 0
6755 5985
0 0
6444 5107
0 0
0 0
0 0
2486 8004
9092 50
6141 0
0 0
5404 7932
4063 4077
0 0
0 0
0 0
4451 8040
0 0
3183 5175
1624 0
2498 0
0 0
0 0
0 0
1349 0
1407 0
4057 0
9242 0
0 0
1702 5351
0 0
2151 0
4469 7762
0 0
7731 0
9521 2859
0 0
5713 0
2448 5367
7423 0
5978 2752
0 0
0 0
9595 0
6275 0
3052 0
2843 0
8697 0
0 0
6270 9033
7123 1592
0 0
0 0
8687 0
6229 0
0 0
0 0
1967 0
0 0
9739 0
9433 0
2461 0
8082 0
8364 0
0 0
1455 0
0 0
4129 0
5714 0
0 0
4685 1221