1000 49
496 44
0 0
860 280
212 830
862 146
0 0
520 608
467 650
0 0
924 202
0 0
982 315
0 0
162 583
49 773
69 954
0 0
0 0
852 0
102 0
0 0
0 0
364 434
961 297
797 0
9 0
0 0
222 0
926 0
0 0
0 0
347 0
466 732
893 0
0 0
549 360
237 0
884 0
137 76
0 0
19 0
629 0
935 193
91 110
868 217
652 379
0 0
670 0
624 0
656 0
679 804
64 236
362 0
880 724
0 0
0 0
361 0
649 442
0 0
0 0
0 0
0 0
925 343
0 0
0 0
654 0
0 0
423 0
469 0
0 0
257 438
0 0
0 0
0 0
947 428
0 0
655 0
0 0
816 0
782 0
323 0
0 0
593 0
0 0
0 0
404 0
0 0
0 0
268 0
531 661
944 851
0 0
0 0
0 0
464 691
0 0
642 0
0 0
938 184
305 224
0 0
0 0
0 0
0 0
0 0
0 0
471 0
378 0
749 113
451 136
861 0
65 0
198 0
0 0
477 0
488 369
0 0
288 515
849 0
0 0
60 0
444 0
0 0
0 0
390 101
116 791
840 0
0 0
600 0
427 291
948 817
0 0
858 326
0 0
4 0
586 373
125 646
211 0
0 0
74 0
0 0
0 0
973 0
228 854
522 487
530 356
518 0
422 0
0 0
964 0
914 951
0 0
1000 865
834 611
0 0
698 367
25 414
0 0
0 0
0 0
0 0
349 588
871 0
911 0
0 0
845 953
0 0
397 0
283 0
440 99
0 0
87 132
0 0
0 0
0 0
242 84
484 0
0 0
0 0
0 0
173 0
216 949
61 112
639 952
37 0
272 0
220 0
546 856
0 0
960 810
0 0
787 0
252 0
808 0
0 0
445 0
683 0
0 0
635 913
847 181
169 354
557 0
0 0
0 0
920 457
249 0
0 0
0 0
813 0
55 689
801 345
790 0
320 0
0 0
253 0
0 0
0 0
963 0
836 0
15 62
0 0
744 821
3 214
0 0
539 752
943 480
154 0
540 0
333 857
974 0
690 395
0 0
0 0
0 0
999 447
0 0
0 0
0 0
189 0
47 131
276 714
891 941
0 0
357 0
0 0
321 628
0 0
306 241
267 918
0 0
208 0
0 0
663 148
0 0
0 0
0 0
566 328
225 491
0 0
882 709
0 0
0 0
0 0
221 141
0 0
0 0
0 0
619 0
63 0
764 621
325 0
190 634
0 0
0 0
0 0
0 0
825 0
604 0
715 937
200 0
561 0
758 0
0 0
0 0
389 366
0 0
0 0
240 406
0 0
18 798
213 0
0 0
0 0
978 511
421 363
206 927
0 0
990 96
0 0
324 319
779 0
970 271
100 0
299 945
606 104
903 43
223 0
0 0
934 0
921 0
780 0
0 0
0 0
334 0
247 490
26 0
0 0
0 0
564 461
0 0
762 699
0 0
765 458
0 0
887 0
551 0
986 902
0 0
0 0
686 883
164 0
0 0
620 226
0 0
446 590
0 0
638 266
0 0
543 72
554 958
295 0
768 630
757 0
456 0
40 0
258 180
396 140
0 0
163 302
492 0
204 0
273 0
5 0
0 0
657 0
718 0
0 0
307 278
806 965
0 0
0 0
0 0
381 548
0 0
705 0
0 0
191 802
46 196
0 0
94 755
0 0
672 139
51 892
653 742
760 0
260 10
436 0
0 0
0 0
312 0
0 0
0 0
485 513
783 0
286 462
997 615
340 0
0 0
905 118
119 0
665 0
692 0
0 0
472 0
0 0
460 0
968 931
205 424
904 870
972 287
0 0
0 0
843 0
0 0
0 0
922 441
126 0
0 0
33 658
501 160
579 479
631 0
0 0
667 244
429 310
439 572
848 408
855 0
465 264
489 0
881 338
713 275
0 0
505 256
0 0
527 0
627 888
0 0
613 67
863 538
368 486
274 695
807 664
519 693
956 0
0 0
0 0
859 570
143 0
134 175
153 0
541 0
0 0
759 293
885 898
585 886
382 616
452 105
829 0
0 0
0 0
8 0
0 0
838 0
0 0
0 0
0 0
644 0
0 0
251 0
910 0
187 405
183 0
0 0
450 0
632 0
0 0
0 0
399 92
0 0
837 605
246 753
0 0
537 145
532 6
0 0
751 602
609 316
0 0
383 97
0 0
674 31
294 598
0 0
352 736
889 0
0 0
391 165
0 0
0 0
567 284
0 0
0 0
0 0
0 0
0 0
158 0
329 0
230 908
499 580
707 156
0 0
0 0
388 0
776 599
182 919
166 687
0 0
0 0
77 0
498 0
685 0
677 0
120 449
731 504
73 533
528 0
177 734
850 0
0 0
0 0
659 327
155 27
509 0
0 0
777 0
90 0
0 0
123 0
174 666
775 529
975 0
403 0
203 0
80 0
0 0
235 510
82 476
738 0
741 0
313 219
560 0
971 610
29 57
42 66
962 0
474 680
967 0
781 0
0 0
0 0
30 255
0 0
805 0
0 0
111 641
506 778
0 0
53 59
0 0
0 0
0 0
95 648
78 694
0 0
23 733
157 769
0 0
502 0
377 0
976 0
640 0
0 0
0 0
296 596
824 0
0 0
0 0
772 151
872 0
0 0
0 0
11 0
344 0
614 282
420 0
419 39
250 0
525 0
122 558
702 0
128 0
309 0
370 0
890 993
149 0
0 0
618 0
767 818
874 0
0 0
22 747
398 0
265 0
788 0
409 234
701 107
0 0
199 38
0 0
0 0
13 0
800 358
0 0
897 303
385 410
761 0
0 0
468 0
45 793
562 929
300 0
0 0
317 0
542 0
794 523
0 0
637 0
171 0
0 0
0 0
0 0
0 0
0 0
0 0
0 0
876 823
748 932
595 159
114 676
144 437
678 0
828 673
0 0
875 0
195 571
819 218
716 0
36 443
594 0
577 0
0 0
735 574
185 0
129 56
0 0
0 0
372 0
521 0
894 704
578 393
0 0
426 108
0 0
710 50
636 0
745 0
245 766
0 0
550 0
475 720
375 147
516 822
497 0
547 552
0 0
311 81
355 0
712 0
587 0
0 0
0 0
0 0
0 0
503 332
167 0
254 0
210 575
68 0
0 0
0 0
0 0
289 983
179 0
671 86
0 0
172 992
682 0
0 0
916 281
416 0
335 269
0 0
412 864
0 0
402 555
93 584
597 0
186 917
413 359
669 243
901 0
435 812
0 0
58 936
0 0
339 977
0 0
331 0
0 0
459 0
79 0
229 0
304 0
353 470
0 0
981 481
430 0
152 0
643 617
647 75
826 0
0 0
0 0
34 0
995 0
831 0
495 763
833 0
453 0
0 0
0 0
337 0
0 0
0 0
0 0
0 0
746 0
684 754
545 473
494 0
322 0
14 0
559 0
215 991
957 0
0 0
418 0
0 0
727 0
915 866
959 346
841 622
869 0
209 0
0 0
708 0
729 0
0 0
478 0
207 0
524 867
176 774
0 0
0 0
815 950
500 83
52 0
739 573
909 0
512 314
536 0
454 0
688 820
827 0
371 0
0 0
130 0
380 517
507 89
71 723
0 0
0 0
232 0
70 928
2 0
0 0
0 0
933 263
879 719
201 0
0 0
796 0
150 0
0 0
987 192
117 0
985 290
743 514
0 0
448 792
0 0
565 0
0 0
0 0
0 0
0 0
415 0
0 0
194 0
750 0
0 0
463 703
697 0
400 0
544 0
0 0
32 0
0 0
493 726
0 0
711 700
633 0
0 0
231 0
0 0
0 0
0 0
0 0
0 0
392 0
994 0
0 0
591 0
0 0
988 178
0 0
784 563
645 0
455 0
612 0
789 534
0 0
0 0
115 0
12 342
0 0
277 318
0 0
0 0
28 301
482 0
0 0
0 0
0 0
374 0
0 0
581 0
24 0
576 873
568 0
930 0
0 0
0 0
0 0
803 48
0 0
721 0
989 846
350 432
771 0
998 0
0 0
98 0
839 0
103 233
0 0
786 0
603 508
197 0
809 535
984 0
696 0
996 923
279 592
0 0
0 0
966 651
799 625
0 0
239 912
835 0
706 662
878 979
946 425
0 0
725 0
227 121
285 0
955 0
292 0
0 0
0 0
0 0
127 0
589 433
0 0
0 0
906 730
41 0
0 0
336 135
168 0
717 942
0 0
85 623
376 238
969 0
0 0
106 17
308 0
939 0
394 386
0 0
556 526
142 161
756 722
895 0
0 0
675 899
0 0
384 0
20 88
348 877
21 483
814 626
896 0
0 0
188 0
365 832
0 0
0 0
940 740
0 0
795 0
0 0
341 270
259 0
0 0
601 811
54 785
607 0
900 0
0 0
681 0
401 668
553 0
248 0
770 330
133 431
109 842
124 0
170 0
351 0
0 0
660 907
138 387
0 0
0 0
417 298
7 0
407 0
0 0
980 411
262 261
0 0
728 853
16 0
582 737
0 0
35 0
0 0
0 0
0 0
0 0
0 0
569 0
0 0
0 0
844 0