500 1
186 20
412 229
225 495
223 354
0 0
0 0
0 0
325 347
158 0
202 455
0 0
0 0
0 0
0 0
183 0
414 363
0 0
0 0
210 0
0 0
0 0
376 260
0 0
324 6
0 0
396 378
199 0
462 353
0 0
0 0
497 0
228 43
362 270
48 0
370 432
437 0
159 124
0 0
155 0
0 0
85 336
0 0
0 0
0 0
0 0
44 0
18 0
0 0
0 0
269 0
90 14
65 0
406 0
216 0
184 0
431 192
280 0
0 0
0 0
259 0
451 371
0 0
0 0
498 0
115 375
292 195
453 0
79 245
452 0
0 0
57 109
486 0
0 0
0 0
288 0
0 0
145 404
401 0
258 130
248 0
181 30
296 0
17 282
238 194
0 0
361 386
0 0
91 0
87 0
71 0
444 0
0 0
215 0
182 0
261 382
122 0
137 379
165 0
190 0
416 188
489 0
279 286
0 0
464 226
5 0
0 0
72 106
0 0
0 0
100 0
50 479
0 0
397 0
69 3
2 123
0 0
168 473
493 232
0 0
284 349
153 0
82 0
367 454
212 0
80 0
263 0
472 0
58 0
366 0
443 83
129 0
256 0
488 0
394 0
141 25
0 0
272 329
49 0
391 459
0 0
0 0
0 0
383 0
233 0
346 0
149 0
0 0
131 439
0 0
160 60
274 0
327 0
0 0
0 0
345 0
308 457
111 0
494 197
372 139
407 67
419 287
161 343
105 0
467 201
483 191
162 315
0 0
344 164
218 447
0 0
0 0
37 471
27 435
481 0
178 0
222 0
171 0
0 0
388 438
403 0
98 460
220 0
0 0
0 0
0 0
32 320
0 0
477 0
236 0
402 0
170 433
41 237
393 84
285 496
117 0
0 0
73 0
125 0
358 480
0 0
0 0
283 319
0 0
138 293
0 0
0 0
387 95
0 0
0 0
0 0
231 0
448 303
275 134
36 0
26 341
318 0
337 348
352 148
128 0
0 0
56 276
417 0
0 0
0 0
243 0
61 0
110 59
333 173
351 428
140 0
297 395
0 0
0 0
0 0
442 0
449 0
154 331
0 0
0 0
169 0
4 0
11 0
250 0
0 0
0 0
0 0
291 75
429 239
0 0
167 136
0 0
425 55
0 0
0 0
301 0
410 93
328 0
51 221
0 0
177 385
22 176
0 0
0 0
230 0
209 219
13 0
359 381
9 0
7 298
399 54
0 0
420 39
119 0
398 241
434 441
0 0
334 0
0 0
368 0
163 0
335 500
0 0
427 144
0 0
338 0
390 487
0 0
0 0
156 118
0 0
88 0
249 157
121 0
208 0
421 309
0 0
0 0
0 0
143 0
0 0
0 0
63 0
314 0
0 0
0 0
380 0
0 0
0 0
266 33
0 0
77 0
244 0
120 295
0 0
200 0
0 0
254 0
46 217
499 224
179 0
461 107
62 0
114 10
474 68
355 0
12 0
94 0
31 365
0 0
478 89
310 0
469 0
0 0
133 267
234 187
326 0
0 0
0 0
405 0
0 0
166 211
340 0
47 445
0 0
246 468
255 440
0 0
198 0
0 0
213 0
116 0
172 0
450 135
0 0
28 126
400 0
475 70
0 0
0 0
423 23
0 0
112 203
40 0
0 0
0 0
66 268
306 356
384 0
281 490
482 76
0 0
413 271
484 0
235 0
323 0
313 311
299 0
466 265
0 0
205 0
0 0
185 0
0 0
0 0
392 214
0 0
189 0
0 0
150 52
0 0
307 0
0 0
305 0
0 0
180 16
207 0
332 339
0 0
29 0
0 0
21 96
426 0
409 422
86 0
302 108
0 0
0 0
0 0
0 0
424 24
97 45
19 294
360 132
204 492
408 273
0 0
0 0
240 34
415 0
53 103
0 0
64 0
342 74
470 0
330 127
0 0
0 0
0 0
0 0
0 0
463 0
317 0
277 35
0 0
456 0
0 0
262 0
357 304
38 0
430 0
0 0
257 242
0 0
0 0
147 0
102 152
252 369
476 289
0 0
0 0
81 0
142 0
0 0
436 0
251 312
92 0
0 0
8 0
0 0
350 42
151 0
0 0
206 0
0 0
193 418
364 389
0 0
0 0
0 0
0 0
491 374
446 0
0 0
227 174
322 101
253 0
146 264
0 0
196 0
104 465
278 0
373 0
377 458
175 0
0 0
411 316
0 0
0 0
0 0
0 0
113 0
15 321
0 0
247 0
0 0
300 290
0 0
0 0
99 78
485 0