5000 1
813 0
606 0
4947 0
874 0
2094 3775
4606 0
1233 0
42 1198
0 0
2366 1187
2785 1395
0 0
4898 0
3209 1518
3965 878
2259 0
1644 0
2059 0
3021 3251
4228 841
0 0
504 0
0 0
831 0
0 0
3736 2580
2137 1694
4004 0
2560 424
0 0
4267 0
0 0
0 0
0 0
0 0
0 0
2763 0
216 0
0 0
0 0
0 0
0 0
0 0
4406 0
0 0
0 0
0 0
0 0
1819 0
3278 4055
1740 0
0 0
0 0
3244 616
376 1262
844 0
1236 1309
4331 0
3227 0
1919 988
0 0
3772 2361
1352 3893
0 0
4137 1831
4014 0
1986 0
0 0
0 0
1506 0
0 0
2171 3286
625 282
0 0
3396 0
411 1247
0 0
2249 0
4831 1295
684 1119
3981 0
3726 173
0 0
31 4687
2999 0
0 0
2463 0
2981 0
3042 0
0 0
0 0
482 0
0 0
0 0
980 1442
4934 380
0 0
4139 0
0 0
4093 0
0 0
0 0
1286 696
0 0
0 0
3985 0
0 0
3521 0
518 3095
0 0
927 2182
0 0
2331 4085
708 0
1344 0
4345 0
0 0
0 0
4823 0
0 0
4775 0
1979 0
1511 903
2568 539
0 0
3140 3115
1099 0
4833 0
81 0
1083 2345
4092 4339
0 0
2258 0
0 0
1121 2338
1762 0
4990 3214
0 0
3165 4924
2275 0
0 0
1630 979
867 2102
0 0
1775 0
2447 0
2900 0
0 0
429 0
1903 2668
0 0
0 0
3881 666
3423 0
1401 0
0 0
0 0
3075 1201
890 1641
2607 0
0 0
4665 0
0 0
0 0
2618 4054
6 0
2520 3375
0 0
4166 3935
4565 3437
0 0
1942 0
2529 0
2640 0
0 0
4832 0
188 2704
4290 2573
1811 0
2213 0
0 0
0 0
3311 0
1991 0
269 0
1925 3351
4694 778
2382 0
3963 335
307 2437
3340 71
0 0
3667 546
2330 3702
2378 0
0 0
1557 4472
3555 0
0 0
4015 0
3560 0
0 0
0 0
681 192
0 0
124 0
2980 0
0 0
1611 1336
0 0
508 893
1374 0
882 0
2254 2553
2820 2538
4993 0
0 0
0 0
1652 0
4391 0
0 0
3074 0
1588 0
0 0
1901 0
1103 0
0 0
0 0
1279 0
1170 4572
0 0
1495 990
742 430
0 0
812 75
4190 0
538 667
1843 3484
1833 2944
2156 0
0 0
1917 0
2405 3745
728 1157
0 0
4278 3368
0 0
3880 3280
3514 3415
0 0
0 0
559 3820
0 0
0 0
2983 0
2898 0
4524 0
1924 3098
3136 0
2273 0
0 0
834 0
858 1373
4938 0
0 0
1860 646
1273 234
4177 0
0 0
2261 0
0 0
0 0
3697 0
108 4471
1907 2957
2292 338
355 0
0 0
517 0
0 0
4940 0
349 754
0 0
0 0
825 1173
0 0
2134 2991
1774 729
63 1867
4195 0
0 0
3862 342
0 0
1116 0
493 3173
0 0
0 0
1175 499
4814 0
0 0
0 0
2783 0
4424 2056
0 0
465 0
0 0
0 0
0 0
3759 0
842 626
1106 0
0 0
4819 2899
3276 4599
2489 0
0 0
1662 0
3950 2887
0 0
902 0
2792 0
2430 4107
1826 1114
4777 0
0 0
0 0
0 0
30 0
3646 0
739 0
1059 0
785 915
2166 3190
0 0
3292 1191
0 0
1069 3031
0 0
0 0
127 4414
0 0
3474 0
0 0
1715 3769
0 0
3781 4669
563 0
4691 4053
0 0
4871 0
0 0
0 0
1033 4183
3563 1772
3463 4960
0 0
0 0
0 0
1954 2187
0 0
0 0
0 0
1968 1586
1949 2164
4489 0
0 0
0 0
0 0
0 0
1186 2780
1665 762
4505 657
0 0
4746 0
0 0
4788 1362
0 0
0 0
3039 2565
0 0
0 0
662 3720
0 0
3417 3580
2108 4129
0 0
1880 2150
0 0
0 0
0 0
0 0
4988 4805
154 4528
4258 0
274 3595
0 0
0 0
2416 0
0 0
2500 0
4182 0
3605 28
2947 0
4376 0
0 0
0 0
3858 21
1931 0
0 0
0 0
0 0
4323 4362
0 0
0 0
1376 0
3871 1589
0 0
0 0
0 0
3613 0
4994 3310
308 0
122 1321
4577 4143
1368 1858
74 0
4612 3084
0 0
871 0
0 0
0 0
1154 0
2104 0
3725 0
0 0
0 0
138 0
4438 0
0 0
0 0
0 0
0 0
417 1596
0 0
4487 0
0 0
1902 0
3504 0
2138 795
3501 0
3556 396
2748 3018
4848 1829
0 0
0 0
3719 943
4499 1091
2252 1782
879 4235
4088 3511
1337 876
0 0
1141 3837
0 0
1077 0
4282 2617
3941 3439
47 0
1598 0
2414 2090
2474 477
0 0
0 0
2230 881
3714 1625
0 0
3840 0
3341 1531
0 0
0 0
0 0
1759 3507
0 0
574 0
0 0
4710 3494
2155 0
0 0
0 0
526 589
3883 0
1946 0
1097 4699
0 0
3300 3466
0 0
2575 0
0 0
3326 0
2969 4598
0 0
781 0
0 0
0 0
0 0
3764 3008
4277 2436
3035 3481
4592 725
4757 4393
201 521
400 0
0 0
2624 0
4637 0
4268 1003
4171 500
3886 0
383 0
3533 0
0 0
0 0
0 0
0 0
0 0
588 4409
243 2442
0 0
1692 0
704 0
0 0
4643 3024
3357 4756
4732 3659
1722 3730
2555 3537
0 0
3470 1556
2305 1837
3400 2578
2697 4279
2444 0
0 0
1363 991
0 0
1353 1485
0 0
34 4140
3651 228
0 0
0 0
0 0
0 0
4784 181
3638 0
0 0
953 955
0 0
0 0
0 0
3853 1565
2333 3732
2124 0
2496 2816
0 0
3099 0
1541 887
385 4806
793 0
964 0
168 0
1981 1326
0 0
2906 0
0 0
0 0
647 126
0 0
1484 0
0 0
4769 1489
0 0
205 384
3277 1617
4638 279
3831 0
2681 0
1080 0
0 0
0 0
4248 0
229 202
1794 2839
4880 1878
4521 782
0 0
1266 4047
0 0
1312 2144
4996 4335
1213 3761
3406 4560
721 0
2825 1702
1874 3987
0 0
4288 0
0 0
2708 0
1164 1010
4980 0
0 0
4175 0
2894 3390
0 0
1426 2401
1505 3502
0 0
0 0
0 0
685 0
0 0
4072 0
849 0
3377 1357
4236 2620
0 0
2789 3846
388 0
957 147
0 0
4160 4037
0 0
4816 4429
0 0
3531 869
2739 3806
0 0
4964 2968
0 0
706 3998
0 0
297 0
3677 4850
1056 1005
0 0
0 0
0 0
4564 1418
3703 3632
114 1563
39 0
0 0
3386 1036
2240 0
1866 3363
2799 0
1884 0
3358 1444
4957 0
0 0
4578 0
0 0
0 0
0 0
3048 0
2175 0
0 0
0 0
0 0
2043 1381
3753 0
4971 828
0 0
1798 0
2569 0
0 0
199 0
2287 0
0 0
23 379
0 0
0 0
179 2432
3516 0
4942 0
1072 0
0 0
0 0
2891 0
4312 3266
1753 416
4749 4656
0 0
4591 0
0 0
648 0
359 3229
4350 2332
402 4332
0 0
4098 4945
1796 0
3352 0
0 0
17 3287
579 0
3412 0
0 0
3253 3271
1913 3705
737 0
0 0
0 0
1271 0
0 0
0 0
2312 0
3809 2907
2426 1073
2915 2502
0 0
0 0
1328 1581
116 0
1947 0
3656 0
921 0
1976 0
0 0
4759 4955
1222 0
0 0
0 0
0 0
0 0
0 0
0 0
0 0
0 0
1661 3961
861 0
0 0
0 0
3443 180
4163 2812
4355 1375
3330 255
0 0
2847 0
398 2434
4024 4579
1554 3319
2072 0
0 0
0 0
0 0
0 0
4974 2195
2654 0
0 0
976 789
4713 0
0 0
4503 4553
4428 3090
524 0
2119 2120
245 0
0 0
0 0
1830 0
0 0
946 4052
2521 4506
1299 1016
0 0
4216 0
682 203
0 0
352 0
0 0
0 0
1666 0
2830 1288
4915 0
0 0
0 0
420 3593
0 0
615 0
2289 263
0 0
2285 4530
687 1242
0 0
0 0
2588 1452
1190 0
4144 1400
1763 0
1723 163
4445 1948
462 0
4797 0
2698 0
0 0
0 0
0 0
3040 0
0 0
4623 0
2035 0
0 0
4854 0
2810 0
0 0
2443 0
0 0
826 0
4363 3003
3235 0
4949 49
165 0
3548 2487
2007 0
4740 0
43 0
3966 4173
3938 1323
410 0
0 0
4618 3420
3175 0
4078 0
3196 4930
0 0
4168 4398
0 0
1310 0
0 0
91 0
361 0
301 0
79 1379
0 0
0 0
0 0
4582 1456
474 0
1385 503
0 0
4233 0
1792 0
3524 3492
1040 0
3597 0
0 0
368 3994
0 0
1620 0
1501 2740
0 0
0 0
0 0
1706 0
4431 0
3854 4150
0 0
972 0
0 0
4242 0
0 0
3991 0
2358 0
0 0
4023 1721
2193 1926
4307 0
744 0
0 0
0 0
2149 0
0 0
4297 0
4254 0
0 0
2833 0
4715 0
0 0
1448 642
0 0
2603 0
4283 0
0 0
0 0
0 0
109 0
0 0
3157 1298
0 0
0 0
1022 3782
0 0
4573 0
4778 4038
3655 0
0 0
0 0
1200 0
0 0
0 0
3475 4096
4944 2257
3141 2136
225 3620
2204 940
3265 0
2513 2339
0 0
1253 0
1060 1479
2321 0
0 0
0 0
0 0
1940 1756
0 0
0 0
4795 309
413 0
1890 2517
4255 2466
4865 3856
3905 0
4555 1958
0 0
2052 0
4628 0
4659 0
4356 2228
473 995
0 0
4480 2140
2729 3766
0 0
4354 724
4593 4469
3519 0
3205 1365
770 0
1296 0
0 0
2858 820
3250 2253
0 0
4046 4728
2881 0
2152 0
1210 0
2527 0
1640 3971
3896 0
1667 0
3179 0
3701 4017
4121 0
3792 0
0 0
3270 2638
4411 3590
0 0
2248 0
4287 0
1600 2375
3709 0
1197 0
1140 0
0 0
4954 0
3708 3259
4576 3232
0 0
952 0
4136 0
1632 0
765 0
2300 3534
3844 3457
0 0
1421 3163
0 0
814 0
2692 856
0 0
2941 0
4921 3373
311 0
0 0
922 167
1084 0
703 0
4477 0
1938 0
4844 3405
701 0
0 0
2723 777
0 0
1994 2622
244 2211
319 0
3899 0
0 0
0 0
3818 3964
4967 1941
314 4962
0 0
1827 0
1153 4341
2716 1592
0 0
2937 0
0 0
2675 0
3657 873
3824 3756
1717 0
1750 8
0 0
0 0
750 4372
4151 0
1126 0
769 0
3617 0
2054 0
0 0
2718 0
0 0
0 0
1179 0
1086 0
0 0
438 0
232 0
0 0
0 0
1546 0
0 0
4963 0
3314 0
1808 3172
4145 1962
4065 713
0 0
0 0
0 0
3180 0
340 3316
3573 0
3015 2238
1035 1455
0 0
0 0
0 0
0 0
0 0
0 0
152 3192
3194 1975
2408 4815
4385 0
3907 2323
5 2477
2797 0
0 0
532 4639
0 0
519 0
0 0
1044 3869
3222 2117
483 2237
0 0
4986 358
4320 0
0 0
0 0
1275 0
2024 0
0 0
0 0
4969 0
535 0
2724 2551
633 0
3334 2650
0 0
2902 3193
3398 0
0 0
0 0
2395 2373
4733 0
2523 104
3678 0
3767 0
1761 3665
0 0
4135 135
818 0
1579 117
4059 4586
0 0
908 0
0 0
3711 0
931 0
3928 0
3596 0
4690 3086
1278 2353
3444 0
2767 2914
2121 3478
986 4492
2298 0
0 0
0 0
0 0
0 0
845 0
3982 3670
4240 0
4206 0
2356 2505
0 0
0 0
3547 4810
2051 4152
3875 0
2682 1238
0 0
4716 0
2904 2777
1545 0
1189 1359
0 0
1660 3284
4514 2123
0 0
1023 0
1704 1507
2294 0
568 0
0 0
3338 630
0 0
1899 0
3609 0
2769 0
3413 0
2251 4371
0 0
0 0
787 324
3535 2485
4776 2656
1895 3550
2341 0
0 0
2088 0
2244 24
0 0
1998 1558
2262 1480
4036 1911
0 0
0 0
2979 3462
4127 0
1908 1514
1339 3117
1610 0
3664 0
217 0
61 2286
4162 209
4703 4745
2277 3239
0 0
2346 3076
318 4343
2869 0
491 4513
1347 2861
4495 0
618 0
2482 0
0 0
4856 2537
3812 0
0 0
4906 4483
3452 4976
1738 2096
3431 0
0 0
3490 0
1348 1007
3842 2207
1996 0
941 530
1576 3838
0 0
0 0
2859 0
4419 0
330 0
70 2165
4204 0
3424 0
0 0
595 0
1184 0
1647 1571
0 0
0 0
497 4607
3236 4221
3922 2386
0 0
4164 0
4825 2932
1601 2995
0 0
3889 1435
0 0
688 3689
2549 4296
0 0
0 0
0 0
4912 0
0 0
2440 3771
3130 0
3926 4539
4234 0
2131 531
0 0
1009 0
0 0
1134 4357
0 0
1892 4943
764 2374
4985 0
597 0
0 0
2901 0
0 0
4611 0
268 0
3129 3308
3786 776
0 0
2192 0
0 0
0 0
0 0
0 0
3397 0
1268 0
0 0
0 0
663 0
1974 0
2212 0
4456 4922
846 1272
0 0
0 0
4401 0
2288 1955
0 0
0 0
4468 4100
0 0
4249 4467
4602 2299
298 3692
623 672
1539 0
4849 2407
0 0
3988 0
0 0
4119 4619
0 0
2764 2101
4188 1293
4191 4138
0 0
1156 1079
1788 2308
0 0
0 0
4095 0
3394 0
4841 4224
0 0
1688 218
3241 1414
0 0
775 0
4198 281
705 0
4876 0
4102 885
815 3545
0 0
0 0
0 0
3127 0
0 0
2100 0
0 0
4562 0
2219 0
0 0
0 0
0 0
0 0
2926 1159
1065 0
4498 3207
1897 0
753 1944
0 0
3135 680
77 0
3380 4223
0 0
999 2611
1572 1823
4293 0
0 0
18 0
2786 2337
0 0
142 4828
1291 0
566 0
1085 932
3974 0
303 153
4194 4227
0 0
0 0
2779 4348
2615 2535
4896 1369
4894 0
322 3106
4118 0
0 0
3069 0
94 1787
0 0
4396 0
4614 0
0 0
0 0
4698 573
4583 1481
0 0
0 0
2854 0
132 2122
2850 0
1530 0
2042 0
0 0
1818 0
2 0
1785 0
2225 0
2268 3027
0 0
4677 3591
0 0
1887 0
784 0
0 0
0 0
2422 3393
0 0
3218 0
0 0
3160 0
0 0
1512 0
0 0
4626 0
4315 0
4334 895
0 0
1670 0
1259 0
2760 805
4056 2129
4420 2863
3295 440
3569 0
1508 0
635 0
720 0
0 0
0 0
3043 0
542 1780
0 0
1470 68
0 0
2895 1289
0 0
214 0
0 0
2018 0
1957 0
1078 0
0 0
59 0
2283 0
0 0
1914 3496
3097 1873
3483 3909
2921 0
0 0
2782 139
3967 1133
0 0
0 0
1882 2840
32 0
2021 1248
0 0
772 0
4125 4563
0 0
3993 260
1685 0
3746 1013
3324 4632
1701 1752
159 2744
0 0
3865 0
382 2009
1034 0
0 0
87 3288
0 0
1680 2628
4051 0
3455 2571
3649 3360
2063 2832
0 0
0 0
1394 1988
2046 0
864 0
4557 2368
0 0
486 4616
0 0
1055 1943
0 0
439 3355
614 1863
149 4881
4481 0
3644 0
151 0
1360 0
0 0
2049 730
2642 3717
3353 3252
0 0
0 0
0 0
3364 0
2497 0
2311 0
0 0
0 0
0 0
839 0
1383 69
1548 4649
3680 5000
833 0
1607 4747
0 0
0 0
743 0
54 0
0 0
0 0
3669 0
0 0
738 1834
773 0
0 0
0 0
1525 0
2728 0
0 0
3065 2710
25 0
0 0
0 0
2464 0
3716 0
0 0
0 0
0 0
3848 0
4753 0
0 0
1096 4670
0 0
0 0
919 2181
603 1838
4608 749
2427 4006
4205 2649
4620 4519
1920 422
4301 3903
1864 0
1724 0
2058 0
0 0
0 0
1737 1063
0 0
2679 4763
4909 1674
2224 1821
0 0
1742 2946
356 0
206 0
2599 392
4134 3260
476 2081
1257 0
0 0
3113 0
1227 3261
644 1963
3362 0
0 0
219 0
0 0
0 0
455 0
1973 1002
0 0
0 0
2097 0
0 0
2911 0
4347 0
3189 3755
0 0
3892 2062
221 0
0 0
394 107
2082 2996
4889 0
412 0
0 0
0 0
2691 0
2490 0
0 0
0 0
0 0
609 4811
1801 3635
501 0
0 0
0 0
0 0
0 0
3275 0
2647 0
1712 0
0 0
0 0
4813 2798
240 0
608 0
444 0
2113 0
86 0
0 0
4473 0
914 512
2325 0
1977 0
0 0
1030 2020
0 0
2065 0
0 0
4645 4074
2890 2857
3914 0
0 0
0 0
2409 3765
3640 0
0 0
1057 3019
2174 502
0 0
0 0
0 0
2566 0
0 0
4379 1989
0 0
977 0
4984 0
1306 0
3587 0
2961 0
3790 3051
1433 1144
0 0
3166 3112
0 0
3679 0
3739 4550
0 0
1733 1255
0 0
4012 4900
1473 0
1848 2834
3438 0
3120 1741
3067 2885
3777 0
290 2657
4112 0
96 0
3799 1212
0 0
1172 4785
0 0
0 0
0 0
3080 0
3005 2685
2185 0
2882 1263
3577 3976
0 0
0 0
1803 947
2327 4509
1726 134
2910 1718
4432 3696
1842 175
4007 2856
2091 4737
2525 1302
3810 0
0 0
2776 0
48 0
40 1196
0 0
2476 0
0 0
0 0
4961 0
0 0
0 0
2828 572
1703 19
1021 1074
442 3743
1188 0
1747 0
0 0
0 0
923 0
78 3690
329 3918
0 0
1629 0
862 1384
4256 1915
0 0
2514 3980
0 0
3600 0
4447 0
0 0
90 0
3304 0
3399 1108
4693 174
1995 0
3807 1936
1676 2951
0 0
0 0
0 0
3931 0
89 0
0 0
1583 0
4604 0
0 0
0 0
0 0
67 0
3528 660
4310 0
3123 2095
1112 3150
2396 0
0 0
1451 3182
702 3741
3469 0
0 0
1649 783
0 0
3553 0
0 0
2256 0
2510 0
0 0
1358 0
0 0
0 0
0 0
3822 3422
1748 0
0 0
4284 4664
0 0
4111 461
2399 2558
0 0
0 0
0 0
0 0
0 0
259 0
4536 0
2683 2198
2706 0
0 0
0 0
0 0
2385 0
0 0
0 0
3586 0
1789 3628
950 2713
0 0
2315 0
3722 92
3220 0
0 0
200 3585
0 0
4220 3156
2501 0
3059 0
4538 0
0 0
2791 954
1952 0
4585 0
155 0
0 0
0 0
1165 575
1716 507
85 1324
2010 678
1923 1707
123 2876
4461 0
2633 0
0 0
285 1101
2589 1372
0 0
0 0
0 0
0 0
0 0
1757 2125
1234 0
4879 4802
1865 4116
2128 942
2267 2559
0 0
1515 2717
0 0
231 0
0 0
4246 0
1124 4941
0 0
2759 1319
2200 0
3202 0
3630 0
3279 0
3344 0
3579 1841
0 0
1693 0
266 2653
65 3506
791 0
1894 0
545 552
470 0
0 0
2852 0
4925 0
0 0
1427 0
0 0
0 0
0 0
399 0
653 0
1177 0
0 0
0 0
4158 4458
0 0
0 0
4731 0
0 0
1835 2291
505 3643
0 0
3096 3242
4381 0
515 3789
4110 0
0 0
2596 0
4982 0
1443 0
0 0
4316 0
0 0
654 2928
4529 0
0 0
1018 997
3204 0
390 0
4101 121
213 0
3197 0
716 0
0 0
1681 0
0 0
0 0
0 0
0 0
4421 4706
2804 1906
305 2317
2041 0
2167 2703
0 0
4281 0
1267 0
3562 0
1657 763
0 0
4887 0
1532 1845
1225 4875
0 0
0 0
56 3489
0 0
0 0
1520 4594
3723 4727
98 0
0 0
0 0
0 0
0 0
4866 4061
0 0
423 3206
0 0
4901 0
4886 0
0 0
3121 0
4090 0
1260 0
1853 3522
0 0
0 0
2608 2982
0 0
1463 3588
0 0
3891 0
82 2438
0 0
4755 1206
4723 0
0 0
840 2210
0 0
0 0
0 0
3226 1643
1619 0
1691 0
4241 0
3671 0
736 0
3499 1297
0 0
289 1378
4313 4752
4983 4809
3447 3804
4771 3939
280 1048
0 0
809 3428
611 2365
50 1118
2178 1093
897 634
2658 4558
2034 570
0 0
1340 0
4873 0
97 0
2874 0
0 0
1939 1081
4596 0
0 0
4584 0
0 0
2604 158
3693 0
2614 0
2954 0
2457 1142
0 0
0 0
3972 4207
0 0
0 0
2546 1146
3006 0
1697 4826
0 0
0 0
2483 2829
0 0
0 0
920 3210
2584 4855
0 0
3087 0
0 0
0 0
0 0
3142 1614
4476 0
0 0
0 0
0 0
1654 0
2022 0
4263 1550
0 0
4257 2756
4367 1468
0 0
0 0
1216 2536
3956 2127
249 1889
3072 0
313 4352
148 4142
0 0
2613 0
0 0
683 0
2741 3675
2583 0
0 0
0 0
0 0
3014 2807
3737 3509
0 0
4344 178
189 2595
3153 541
1330 4615
3060 427
395 10
0 0
4907 4494
3612 0
3742 4497
1883 974
0 0
0 0
146 1695
3904 2183
1283 2454
0 0
0 0
0 0
1123 1896
0 0
3164 1965
0 0
463 1128
4067 4544
3126 2712
1631 0
278 2992
1856 1107
0 0
3571 2879
3942 0
2169 0
1338 0
3320 315
3750 4601
0 0
3910 0
1215 2340
2600 0
0 0
4640 0
981 0
911 0
4010 0
1928 1793
286 0
3047 0
2281 4621
2592 0
211 0
0 0
0 0
0 0
1440 0
0 0
3017 4774
2803 4655
0 0
443 2355
2758 233
4511 3873
3473 0
4647 0
1076 310
2112 1732
3025 0
4180 0
1434 0
4736 237
0 0
0 0
3170 0
2925 0
88 0
3116 0
2379 4903
700 0
1194 3030
1526 0
2279 1603
0 0
0 0
0 0
0 0
0 0
4044 1176
596 0
3832 0
0 0
1663 3575
1350 1797
291 0
0 0
393 3167
3391 2504
4479 0
3864 0
3079 0
4595 0
2743 0
1543 14
0 0
2344 3346
3912 0
0 0
4742 0
0 0
0 0
1937 0
3137 2750
0 0
3859 587
0 0
4561 0
4390 0
1765 1529
0 0
2001 0
4622 0
4484 2827
4329 0
3884 0
0 0
1806 0
1933 2818
1454 0
3329 0
0 0
0 0
639 0
0 0
1700 3407
2889 3839
2307 0
2103 2971
938 0
2606 4219
4041 2208
1613 1252
2644 2032
150 3476
1809 3487
3238 3054
1449 0
632 1871
2942 2012
2028 0
0 0
4437 2664
0 0
0 0
2696 0
3482 0
1769 0
0 0
2410 0
2488 0
0 0
959 3642
0 0
808 0
0 0
0 0
970 0
3921 1502
2413 0
2053 0
0 0
26 0
1626 3849
4026 0
1927 0
4021 0
0 0
2952 0
2507 408
4570 0
1932 83
1087 4330
0 0
4099 1513
0 0
3488 115
2429 1599
2173 0
2721 4650
4533 2439
2370 0
3171 0
4022 3825
1461 0
4789 0
3773 0
0 0
0 0
3011 0
0 0
4105 0
0 0
1766 0
0 0
0 0
4436 0
1618 3294
0 0
735 0
2313 283
2278 0
4264 2849
0 0
1612 3559
0 0
3029 0
1437 0
0 0
1098 0
0 0
0 0
0 0
3147 1675
0 0
4226 0
1104 0
3740 4304
0 0
1287 1409
0 0
2363 0
7 0
0 0
0 0
0 0
2909 0
877 1627
2455 4080
835 0
0 0
471 2630
4299 4588
2770 0
0 0
3995 649
0 0
1166 3450
0 0
2161 4025
3607 4232
0 0
2077 2836
0 0
1169 0
0 0
2044 2351
1739 0
0 0
0 0
0 0
3603 992
1277 1331
1220 544
3312 0
460 0
4783 0
345 2824
475 0
0 0
468 0
0 0
0 0
610 636
0 0
3814 4780
576 2322
317 0
1230 0
0 0
2802 302
0 0
0 0
679 1138
0 0
1303 4
2027 0
2544 0
0 0
2548 0
0 0
0 0
1462 2354
0 0
4454 0
0 0
326 0
1574 0
0 0
4540 0
0 0
2143 0
2671 0
0 0
1043 884
4979 4486
4060 0
3053 1102
4551 0
238 2493
3564 170
2229 0
0 0
2075 0
3103 0
2931 2002
288 0
3633 3890
0 0
0 0
0 0
3479 3610
0 0
494 0
4696 4793
1491 0
1846 601
1382 0
1493 4066
0 0
4735 2168
0 0
0 0
516 2766
0 0
2841 3937
0 0
2526 4700
4338 0
894 0
0 0
4106 230
2380 3094
0 0
0 0
0 0
1909 3615
3281 4792
982 4939
0 0
0 0
0 0
2731 0
419 0
2132 4684
0 0
1294 38
0 0
2686 1542
0 0
0 0
0 0
511 2745
2369 3215
0 0
1528 0
1486 4439
0 0
4208 2788
12 1487
4370 2472
0 0
4117 363
0 0
273 3062
796 0
1316 2274
2016 0
0 0
2702 4247
0 0
0 0
296 4300
3801 0
4155 0
22 0
1799 0
658 0
2069 0
3867 755
1595 4978
0 0
0 0
0 0
4231 3682
0 0
1389 3078
2215 822
0 0
0 0
0 0
2871 0
0 0
0 0
2324 0
523 3418
1403 0
0 0
4680 0
0 0
1729 0
0 0
0 0
2404 2811
0 0
3177 0
1276 1668
3515 602
1410 0
0 0
0 0
0 0
3621 13
292 0
0 0
1708 4662
0 0
0 0
4852 0
1241 0
1161 4399
0 0
0 0
0 0
160 4490
4446 4537
3953 0
2645 0
4156 3188
581 0
4075 3983
3860 323
4893 2831
2076 4634
2896 0
0 0
276 1540
3654 937
1593 0
2973 0
0 0
55 33
3631 103
3290 495
4895 1900
0 0
0 0
0 0
3549 0
3001 0
4474 0
865 0
0 0
4786 0
3176 723
3811 746
0 0
1308 892
3927 3347
110 0
3923 0
4186 0
0 0
860 0
186 0
0 0
0 0
1061 1758
2099 0
0 0
4667 1677
0 0
0 0
2888 0
1024 4972
0 0
3070 0
101 2243
0 0
1229 0
0 0
3023 0
2781 2424
1258 2170
2350 0
3808 1905
4636 645
0 0
304 3929
0 0
3002 3578
4705 2451
3710 4883
0 0
2105 0
0 0
4589 0
2621 0
4222 195
3345 3336
1209 3663
4931 0
0 0
0 0
0 0
3829 0
855 0
0 0
0 0
0 0
4545 1042
3500 1436
3064 0
4837 0
0 0
2793 2581
0 0
0 0
3267 1857
2160 0
0 0
2201 3212
4493 0
0 0
4712 0
0 0
346 0
3855 3332
0 0
0 0
0 0
1562 0
0 0
2163 0
3658 0
1020 2637
0 0
857 4045
2216 0
673 912
1862 1516
4395 4675
4916 2519
2469 2151
1844 0
2073 1645
2738 2110
0 0
2390 0
2412 0
3539 4225
3425 0
2303 3955
251 0
0 0
0 0
1333 434
4342 2270
2845 0
3303 4590
1522 4285
4968 1245
767 0
0 0
4671 0
3032 4319
4217 4721
790 0
4326 1244
2674 0
984 0
0 0
0 0
0 0
1872 0
4845 3787
0 0
2714 0
4851 0
0 0
4374 0
4718 951
3958 2597
0 0
3584 0
3830 1725
0 0
4063 4109
0 0
2963 0
2930 4314
2234 0
0 0
1441 2260
3619 0
2935 4001
0 0
1361 0
0 0
4908 0
2495 0
4199 3618
0 0
3128 4440
4394 0
0 0
3738 1058
0 0
1377 0
0 0
0 0
1430 2908
0 0
0 0
0 0
0 0
2591 0
0 0
2037 2111
2749 0
4270 0
0 0
1392 3471
0 0
4835 0
1270 1329
2372 0
2038 0
1509 3627
3517 185
4674 0
2015 0
2357 558
2309 0
1183 58
1817 0
459 4952
0 0
0 0
0 0
270 0
4958 0
4122 4309
0 0
872 0
428 2773
0 0
0 0
0 0
0 0
3915 4238
0 0
3045 1575
0 0
1967 0
4340 4534
0 0
2033 436
0 0
1237 0
3168 0
0 0
2503 1960
4378 0
4417 0
2651 1446
2844 4251
1802 3132
2940 510
0 0
2154 4295
4202 4937
803 1783
0 0
1731 0
2047 0
0 0
0 0
1474 0
0 0
3309 0
0 0
551 863
1553 1490
0 0
4289 0
2787 300
1727 3297
425 0
4574 3508
1318 0
0 0
930 3464
0 0
72 0
1450 0
0 0
0 0
0 0
4077 4890
157 1653
0 0
1500 0
2669 0
1094 0
0 0
0 0
0 0
0 0
1290 0
1148 0
1064 2567
1639 0
1313 0
3565 0
4351 0
958 4779
0 0
1544 933
1149 1559
161 0
3184 0
2214 4147
3383 1032
655 4543
0 0
0 0
0 0
2115 0
2133 0
0 0
4388 4292
3169 4068
2221 0
3546 537
3092 0
4392 0
1713 3435
994 1768
0 0
1256 4501
0 0
3647 4209
0 0
0 0
2389 0
0 0
1195 0
2579 0
540 2467
2222 2694
0 0
1580 0
0 0
29 0
2886 435
0 0
0 0
2066 0
0 0
0 0
3468 1130
4189 0
9 0
677 0
509 2722
2031 0
935 171
553 1885
768 3817
3050 4048
0 0
3576 3183
456 3395
236 354
2226 0
99 0
0 0
0 0
2673 731
0 0
143 3124
0 0
0 0
0 0
4532 3
0 0
3453 3052
3255 0
0 0
4568 0
3033 4853
3552 0
2707 0
2014 0
697 337
622 2153
0 0
4043 2960
4999 0
0 0
321 0
4781 3882
0 0
0 0
1659 0
4104 4218
0 0
0 0
3414 2709
0 0
1082 1971
0 0
1231 0
387 0
0 0
0 0
3491 2266
4337 0
1031 0
0 0
0 0
2147 2272
4272 0
1137 2470
594 3895
0 0
3857 1160
1041 372
287 0
0 0
3768 0
0 0
2411 3285
4274 0
0 0
3389 0
2846 0
4518 0
0 0
479 0
889 0
0 0
2598 4711
4950 256
0 0
4829 3845
1577 431
2725 0
0 0
816 1734
3296 0
2883 3321
80 0
0 0
971 4083
2068 0
0 0
0 0
2135 829
4450 437
1405 1120
0 0
0 0
4003 4397
2491 0
0 0
1345 0
4504 2965
0 0
0 0
2392 2593
0 0
525 3532
562 1537
0 0
136 0
3757 3282
1453 0
2975 0
2468 2689
3780 0
0 0
0 0
2008 0
0 0
0 0
0 0
1152 0
4580 3465
643 571
3349 0
929 0
2435 2394
1855 0
0 0
0 0
4425 1158
1744 0
343 0
2060 0
0 0
60 1243
0 0
0 0
0 0
1687 0
3247 4011
2089 1492
4651 590
0 0
0 0
0 0
3301 0
0 0
4836 0
0 0
3408 0
4936 0
0 0
0 0
967 0
0 0
0 0
0 0
1445 4522
1524 0
0 0
0 0
457 4176
939 3274
0 0
0 0
4230 0
2241 2450
0 0
0 0
2843 0
3262 0
4905 513
0 0
3154 0
0 0
3572 0
2423 4566
1634 0
176 1122
0 0
3908 0
0 0
3436 0
3936 4617
0 0
3081 3191
0 0
3733 2480
2079 0
0 0
0 0
0 0
0 0
0 0
0 0
0 0
0 0
0 0
4899 1240
0 0
0 0
2139 0
2282 0
0 0
0 0
1521 0
2417 0
0 0
0 0
3729 1071
1910 0
4991 3634
4965 0
0 0
0 0
1355 0
4502 3747
0 0
0 0
909 0
0 0
0 0
4704 53
0 0
0 0
0 0
4485 0
0 0
0 0
2762 1208
4989 3754
3951 1089
2445 4808
4510 4846
0 0
4018 0
2666 4265
4860 0
3307 0
3240 0
2562 4547
0 0
0 0
1398 3582
426 4434
4726 0
1503 0
0 0
1412 4305
207 166
3335 0
4946 3673
0 0
3561 3421
593 0
0 0
910 0
4237 0
11 0
2684 3028
613 0
1092 1307
0 0
0 0
0 0
0 0
0 0
652 0
4416 2652
3454 248
3409 2533
1006 0
1391 0
3449 3598
3878 1527
3178 962
4174 0
0 0
780 0
1820 4400
0 0
0 0
3010 0
272 0
0 0
3819 0
0 0
4847 2398
1686 0
4512 0
1100 488
0 0
2586 2328
3388 0
169 0
3234 2851
4146 3784
3283 565
4554 0
0 0
0 0
215 2377
362 0
2428 1387
220 0
0 0
3902 0
0 0
1555 1859
2619 0
3796 2276
0 0
3342 0
0 0
2838 4373
1755 0
3648 0
0 0
4464 0
1127 2761
1590 1466
1836 0
2459 0
1720 4762
989 757
0 0
3541 4686
275 3984
2456 0
0 0
794 3694
0 0
0 0
3201 2771
0 0
627 4635
2916 0
4317 0
1569 3317
3952 241
190 1622
113 3629
0 0
4754 0
4070 0
2217 0
534 1849
3146 0
1280 4482
2705 0
294 674
711 4870
3114 3451
1292 1356
690 0
4005 0
536 0
0 0
0 0
4672 0
0 0
956 3472
2511 0
0 0
1635 4525
0 0
0 0
1090 0
0 0
0 0
4772 0
1800 0
2730 4069
0 0
0 0
0 0
2974 453
1185 3898
2665 2431
996 3990
836 3185
4910 3144
2494 3748
3526 254
3861 520
3480 4453
1476 0
0 0
15 0
3231 0
1604 0
1475 2194
0 0
3082 1519
1736 0
4303 1504
0 0
3100 1199
0 0
0 0
514 0
2011 0
0 0
0 0
1095 0
0 0
3448 2543
3272 4646
3788 896
3148 4423
620 0
0 0
37 4336
0 0
3637 0
3574 1805
0 0
3863 0
0 0
1983 0
4842 0
0 0
0 0
0 0
2990 0
0 0
1615 0
4587 0
3870 0
0 0
1499 0
1735 0
1182 3779
1679 0
0 0
2552 0
102 0
1341 4327
141 0
788 374
0 0
4412 0
4262 1594
1536 4843
3653 0
4791 4701
3894 0
4531 4859
0 0
2180 582
4956 0
1828 1993
267 0
3083 1784
0 0
4076 3687
4548 0
2326 0
0 0
0 0
4260 0
2821 0
0 0
2542 0
1300 0
0 0
3707 0
4387 0
4449 0
3751 0
859 3328
2545 2936
2290 1929
1424 0
1251 0
4605 0
2823 1578
0 0
3676 0
0 0
3778 0
4948 0
0 0
676 4508
3847 556
0 0
745 227
0 0
650 4368
913 0
0 0
3461 0
888 1066
3783 4630
1281 0
0 0
0 0
564 2693
0 0
0 0
0 0
2106 0
3704 0
3057 177
0 0
4884 4803
1930 0
3978 0
3493 2461
172 0
4159 4751
2848 0
4170 0
0 0
924 0
1825 348
638 0
377 0
3510 1959
0 0
2554 2418
196 0
0 0
0 0
1673 1342
0 0
0 0
0 0
0 0
1000 4709
3495 0
0 0
0 0
0 0
0 0
4625 0
0 0
3158 4877
0 0
3371 0
2415 2343
695 1151
0 0
3624 0
1366 0
0 0
0 0
0 0
0 0
0 0
0 0
0 0
804 312
4115 4460
0 0
2158 1778
164 637
2742 0
0 0
2220 1113
226 2302
1232 0
1314 0
3419 0
0 0
1945 0
2284 0
0 0
0 0
4822 2757
0 0
3131 4457
365 4079
0 0
693 3691
1011 0
0 0
0 0
689 0
3446 0
3333 0
0 0
333 3315
973 0
4280 2636
0 0
492 2397
0 0
2641 0
0 0
1008 4668
2329 344
0 0
0 0
3949 2754
4838 0
351 0
4133 1370
0 0
2775 0
0 0
2388 2534
2188 0
1561 3046
3636 0
4035 0
1423 691
3401 0
0 0
0 0
0 0
2737 0
0 0
3445 4717
0 0
0 0
2296 0
3055 0
0 0
2860 0
0 0
0 0
0 0
3159 0
2223 1399
36 0
2987 0
0 0
2197 983
651 4229
3486 0
1624 4571
1585 0
0 0
0 0
4298 2976
1815 3999
4782 4689
1822 0
3992 0
3125 2448
0 0
4864 0
0 0
0 0
1893 0
0 0
0 0
1813 0
0 0
2550 0
4459 0
0 0
3762 4666
464 0
0 0
1804 0
0 0
353 2246
1970 0
3916 0
0 0
0 0
3805 2796
0 0
0 0
2670 712
0 0
0 0
1012 3208
2625 1664
4441 0
1143 3601
529 0
0 0
0 0
0 0
2815 4764
0 0
2610 0
448 2913
0 0
0 0
2524 4211
1771 0
0 0
0 0
1155 4824
1226 0
2864 870
3404 0
0 0
0 0
1698 414
120 0
2107 3382
0 0
4245 2255
2977 2732
0 0
3760 3392
4030 0
1335 0
1285 0
0 0
3558 0
0 0
1684 883
3841 0
1019 0
2962 2064
1054 1494
670 3583
2000 3026
2085 0
0 0
3433 0
0 0
3879 0
3791 0
4020 1458
2334 936
2627 0
4062 0
4821 4997
0 0
4185 0
3211 0
295 4366
1397 3254
4683 1162
4009 0
3139 3162
4820 3246
1916 0
3233 0
0 0
0 0
0 0
403 3068
0 0
0 0
0 0
3827 0
2868 3034
0 0
1001 0
1477 624
3403 2247
0 0
0 0
0 0
406 0
4094 3911
1746 1038
0 0
1111 0
3843 1131
0 0
4559 0
449 3009
0 0
2808 0
0 0
187 0
0 0
3920 0
3107 4926
0 0
847 4276
16 4928
2506 4817
0 0
4365 252
664 0
0 0
2817 0
4787 2458
4857 807
4252 0
2004 1699
1265 548
0 0
1171 0
665 0
978 0
1935 4527
1346 2582
4695 4830
0 0
0 0
2539 0
2958 0
1770 3151
3948 0
2687 0
0 0
450 1875
1781 0
0 0
0 0
0 0
0 0
3793 1609
1868 2301
2953 0
467 4430
2471 2672
4920 0
3379 0
600 0
1322 555
3752 0
299 3122
1972 659
1223 0
1672 0
0 0
1406 0
880 4516
0 0
3566 4294
0 0
3219 1046
4455 3306
0 0
0 0
0 0
3666 2391
1045 0
4050 0
73 2162
617 0
4760 4324
4402 0
360 0
3684 447
0 0
0 0
0 0
2719 0
2768 3410
0 0
466 0
0 0
119 2269
0 0
0 0
1214 0
0 0
917 0
4039 0
2335 0
4995 0
854 4057
4552 0
0 0
766 3378
3432 0
0 0
4049 271
2945 0
2006 0
0 0
3258 0
1132 0
2465 0
612 0
557 2360
0 0
0 0
0 0
1428 1728
2045 1062
2530 0
1202 0
3269 0
0 0
1028 0
0 0
3073 0
756 1602
405 2206
0 0
1224 4369
0 0
760 0
0 0
0 0
4507 0
2570 1876
4002 3456
0 0
498 3622
2074 0
0 0
4902 2872
4719 4496
1311 0
0 0
458 0
774 0
0 0
1390 3940
2912 0
0 0
1471 0
4966 0
506 1343
2842 0
4744 4917
1465 0
0 0
0 0
4042 0
133 4034
1810 0
0 0
0 0
1239 0
1070 0
2080 0
3441 0
4184 0
3101 0
1221 0
0 0
1393 3348
1422 4403
621 2939
4874 628
4913 4120
798 1439
1969 631
0 0
0 0
3369 0
4244 3996
2867 2189
1566 0
2245 0
577 0
4415 1180
2347 0
2727 2515
0 0
0 0
0 0
3186 2453
2967 0
0 0
0 0
1683 0
125 4624
2631 891
0 0
3969 578
409 0
2813 0
0 0
4977 0
0 0
3897 0
1026 4730
0 0
84 0
4291 0
261 1467
3007 0
0 0
0 0
2172 4153
1523 0
533 4868
0 0
0 0
2634 3946
0 0
293 0
2934 3318
0 0
0 0
1650 184
0 0
0 0
64 0
4435 1284
4008 0
4375 0
364 0
484 0
2659 93
0 0
1254 0
4179 0
0 0
3071 0
0 0
2499 3426
0 0
1301 4765
3012 1517
1840 3298
4541 0
1457 0
0 0
2663 2884
2997 4796
1749 0
4891 1745
3273 3626
4064 0
2235 0
2632 0
210 0
4132 0
144 1264
1364 397
1535 3833
46 0
1621 454
0 0
585 1816
3058 732
0 0
4904 0
485 0
4470 0
4084 2348
0 0
0 0
4073 1136
4178 4858
1205 900
0 0
0 0
2280 802
3986 4321
0 0
2446 0
0 0
0 0
1178 0
2949 0
985 0
4210 2903
0 0
0 0
4243 0
3943 4126
0 0
0 0
0 0
1597 0
0 0
0 0
0 0
51 0
0 0
0 0
0 0
4975 1110
45 0
1315 0
3093 0
3230 3384
3245 4798
4091 4114
2662 1469
489 0
0 0
331 0
2734 0
0 0
727 0
1053 1730
4322 0
0 0
1402 0
0 0
0 0
2601 0
0 0
0 0
0 0
3727 0
0 0
987 3213
336 0
370 707
1655 1496
3118 1163
1754 3568
0 0
3554 1029
1551 401
0 0
0 0
4192 3299
719 0
0 0
0 0
0 0
264 0
3800 0
0 0
0 0
2819 0
1773 4000
183 0
1014 208
2402 0
0 0
0 0
4761 0
0 0
4935 1050
415 3919
1478 2877
1039 4799
4325 66
4451 4302
3674 2563
0 0
3543 2561
2956 3835
0 0
1839 0
3350 0
0 0
4681 3599
3815 0
2736 3973
2202 140
4970 3802
1987 366
0 0
0 0
481 2023
2126 0
686 0
3313 0
0 0
0 0
332 4644
375 3523
2594 2387
2801 3735
0 0
4382 4812
2019 0
2690 4818
0 0
3016 4987
0 0
3256 1861
2263 0
0 0
0 0
0 0
2093 1832
1203 239
3429 0
1549 0
0 0
0 0
0 0
1934 0
3268 0
3361 0
0 0
111 4600
3402 0
2509 3887
0 0
1886 0
2576 0
669 0
3104 3427
0 0
0 0
2948 2676
0 0
0 0
3616 35
3877 0
2460 1850
0 0
0 0
3434 3020
4361 0
1438 0
41 3734
2114 0
242 3221
0 0
3712 0
3000 487
2873 2306
0 0
0 0
0 0
0 0
3356 3203
0 0
1616 0
0 0
0 0
2176 2924
0 0
2870 472
4358 0
0 0
0 0
0 0
1777 2086
3614 4801
567 0
1568 3604
3037 806
0 0
0 0
0 0
0 0
1980 2295
1547 4707
2564 0
4422 156
2316 3387
4708 0
4031 0
1415 4203
0 0
3187 4679
0 0
886 1790
850 0
4500 1656
0 0
2735 0
0 0
2083 0
2943 3557
0 0
0 0
1705 1982
916 0
378 3199
714 0
0 0
325 0
4973 2922
2025 797
4408 0
3688 0
0 0
4861 2547
4878 1261
4212 0
1642 0
223 194
0 0
0 0
0 0
0 0
0 0
0 0
4897 222
0 0
2790 1211
2420 0
722 0
1417 2959
4575 0
3813 0
0 0
0 0
1824 0
0 0
0 0
27 4128
3289 709
0 0
3989 0
2475 0
583 0
3851 838
2755 3686
4465 1332
968 3376
3932 0
4426 0
1560 4196
4261 0
2359 0
0 0
0 0
0 0
3728 1851
843 0
284 0
4410 0
2609 0
4953 0
0 0
560 0
2017 371
316 3049
2239 3798
20 4627
3022 0
960 4259
2518 0
2660 2623
0 0
0 0
2964 2715
3237 0
2923 0
1193 4346
2862 0
2540 0
668 3536
4804 4113
2998 0
0 0
2917 2972
0 0
0 0
3681 0
851 2242
0 0
0 0
0 0
4444 4714
0 0
341 0
3161 2318
0 0
0 0
0 0
0 0
3044 0
3366 2635
925 0
3152 3200
0 0
2905 0
1004 0
3540 741
2452 0
2667 3866
0 0
0 0
1984 1751
0 0
2605 2970
0 0
0 0
2349 3917
0 0
3544 4840
2726 0
0 0
0 0
3581 0
4738 1396
0 0
0 0
2680 0
901 0
0 0
0 0
2029 1349
3485 640
4951 0
1204 3960
0 0
246 4549
0 0
2985 0
1743 2179
0 0
0 0
1606 0
3611 0
0 0
0 0
4790 1690
3852 4463
1354 0
0 0
4253 2587
817 0
3217 1025
898 3968
2701 4597
1985 381
129 4773
1534 0
758 418
0 0
4914 0
3900 112
3731 1951
2376 0
0 0
2336 3645
4676 832
0 0
4214 4266
204 0
0 0
4725 0
1953 0
2190 3145
4308 4384
694 0
2098 1351
0 0
4685 52
3155 327
2978 830
0 0
4124 2794
1605 391
0 0
3945 0
3503 0
0 0
0 0
2994 0
3930 3248
0 0
0 0
3592 0
3459 347
4333 1881
1760 1269
4641 0
4748 0
0 0
4734 0
1274 4520
0 0
0 0
3198 0
1472 1371
3925 0
0 0
811 3513
0 0
2955 3174
4407 0
584 1217
0 0
3699 0
2585 0
4546 1807
2880 76
0 0
0 0
2752 0
3872 3959
1249 0
3143 2271
0 0
2639 3661
4515 0
3641 0
2364 4633
2751 3962
0 0
4741 1408
0 0
0 0
4169 1918
235 0
2853 0
0 0
1464 0
2310 969
1447 3442
580 0
2929 2892
2814 2070
4081 0
386 0
0 0
4869 3700
4028 0
1510 0
328 3721
0 0
0 0
0 0
2184 3339
1710 3724
4882 0
2039 4386
2067 0
0 0
0 0
1051 0
4377 0
3947 57
3776 4380
0 0
4193 0
445 0
966 599
0 0
2177 799
4328 0
1425 0
2893 0
0 0
0 0
2362 2508
4019 2293
0 0
0 0
2441 0
2805 3138
4443 1407
3834 3004
257 2071
3823 3529
0 0
4688 0
1416 0
0 0
944 2590
3639 1250
0 0
2118 1325
3091 598
3650 3041
1877 2403
1411 2116
1961 1638
0 0
1623 3359
0 0
4187 1567
748 0
1711 0
4542 0
3181 2196
0 0
478 0
1636 2927
4661 4167
0 0
3594 0
0 0
3876 433
3085 1207
3821 3850
0 0
0 0
0 0
1460 0
1420 0
641 961
0 0
1898 2875
1145 0
2772 2400
0 0
277 1852
2141 1709
3518 0
1795 0
2933 2233
4413 2950
2232 2616
2486 928
2878 3625
0 0
4433 0
2383 0
407 0
0 0
3816 0
0 0
0 0
2711 0
0 0
2747 1334
0 0
0 0
198 0
0 0
2236 2130
0 0
2648 3623
0 0
4648 2835
2352 4082
605 0
0 0
2837 3836
2319 1432
715 0
3685 3293
0 0
4933 0
906 0
0 0
3977 62
3718 3758
3134 0
0 0
0 0
0 0
0 0
1228 0
4863 0
373 2984
2938 2057
1488 0
0 0
0 0
4360 0
1564 1109
0 0
0 0
0 0
2531 3109
2733 2142
3337 3933
3826 1327
2462 543
4087 4318
0 0
1658 592
1764 698
0 0
0 0
4442 0
0 0
0 0
2784 868
0 0
0 0
4269 0
675 389
1380 0
4743 4123
4491 0
2966 3713
4722 733
3460 0
726 4131
2577 0
1135 0
0 0
1047 2425
1235 0
182 0
0 0
1139 0
3223 367
0 0
4517 550
3063 0
3111 3089
0 0
0 0
0 0
4770 4932
4923 3374
0 0
4918 224
0 0
369 3325
4682 2227
907 4478
3512 0
2986 0
3257 0
3354 801
3119 934
0 0
2050 4149
2556 3263
3652 0
0 0
0 0
0 0
0 0
3774 4148
0 0
3365 2989
0 0
2919 0
819 2419
0 0
446 0
0 0
3323 2629
0 0
1049 0
4768 0
2826 0
191 0
963 0
1633 258
0 0
1115 4642
734 0
2920 1912
421 4462
3868 1498
0 0
1068 2806
0 0
2078 3706
837 452
2695 0
2918 0
0 0
905 0
2203 1125
1999 0
823 0
1067 0
0 0
4872 4613
130 4239
0 0
3249 0
4027 4488
671 0
0 0
0 0
0 0
4739 100
2481 747
2371 0
0 0
0 0
761 0
0 0
0 0
2512 0
480 2146
0 0
0 0
0 0
0 0
827 4181
0 0
4929 3343
0 0
0 0
3660 0
145 2746
0 0
0 0
0 0
0 0
1320 2602
853 0
821 1533
118 4250
1584 0
4306 3381
4673 2005
0 0
0 0
0 0
2381 0
0 0
0 0
1482 661
899 0
0 0
4404 1282
2421 0
0 0
718 0
469 0
2677 3133
3954 3228
2218 2231
0 0
779 591
0 0
0 0
1847 586
2720 0
0 0
3570 3066
0 0
3698 4654
3110 2393
1678 2055
0 0
3520 0
3061 4567
4652 1719
357 0
1628 0
717 4353
4827 0
4448 0
945 4526
432 852
0 0
0 0
866 3901
2026 0
1669 3056
2342 2688
4157 1552
0 0
0 0
824 1791
3327 0
0 0
629 0
549 0
95 4720
4569 3906
1922 0
4271 4862
339 0
1779 0
0 0
3606 0
0 0
848 0
0 0
1015 0
0 0
1174 810
0 0
3672 1075
3498 4556
4141 0
3970 0
0 0
2612 0
0 0
0 0
4660 0
1786 4201
0 0
1052 2774
350 137
0 0
1317 0
0 0
3795 1608
0 0
3416 1990
4867 0
4892 1150
0 0
0 0
3695 0
1888 904
0 0
0 0
604 0
105 2643
1129 0
0 0
4888 2030
0 0
4475 0
3913 0
771 0
3934 4089
3763 1429
1776 786
2541 0
0 0
699 1305
0 0
4750 1671
3108 334
2157 1538
1147 1814
0 0
2264 0
0 0
3785 1648
0 0
262 2406
4911 4364
4981 2557
0 0
0 0
4629 3102
0 0
527 0
0 0
528 0
0 0
3264 0
3749 2040
3885 4418
752 0
441 0
0 0
1714 0
306 0
0 0
0 0
554 0
4610 0
2314 2061
2384 4200
4161 2865
740 0
1587 0
4273 3497
1682 1419
4839 0
0 0
0 0
4389 3525
0 0
1646 3957
1304 0
3744 1497
0 0
2433 0
3527 0
3797 4349
44 0
0 0
0 0
0 0
0 0
0 0
250 4631
4405 0
2367 0
3149 607
1637 0
1218 2013
0 0
0 0
4197 3088
2320 0
0 0
0 0
4800 2145
1167 0
3828 0
4029 0
1037 0
0 0
1966 4653
2855 0
1388 0
0 0
0 0
0 0
4927 875
3662 522
4130 0
1964 0
2003 2646
4275 3530
0 0
2498 0
2205 4992
759 3305
3224 0
0 0
0 0
2866 3794
0 0
0 0
0 0
975 4758
0 0
2993 2092
253 948
4058 2522
0 0
197 0
4678 0
2479 0
3467 0
0 0
0 0
1105 4692
4663 0
128 0
0 0
0 0
0 0
0 0
0 0
1812 0
2191 0
710 0
4807 3216
3551 0
4466 1651
0 0
3608 0
3715 0
1168 2800
4729 0
3372 0
2795 490
1689 2304
800 4033
0 0
4767 0
265 1192
561 4013
2159 993
0 0
3385 1483
792 0
0 0
547 0
0 0
0 0
918 0
0 0
751 0
4535 0
2473 3367
0 0
3243 0
4154 0
0 0
0 0
3477 0
2148 4581
2765 0
4215 1870
0 0
4919 1117
0 0
3458 1921
4097 1413
0 0
0 0
0 0
4165 0
0 0
2250 0
0 0
0 0
1459 965
4103 0
1431 2809
1404 4086
2532 1570
4383 3302
4609 2678
692 0
0 0
193 0
1854 1891
1767 3803
0 0
3013 0
1017 2449
3440 0
656 0
4311 0
4959 3038
4794 0
2492 1591
4724 0
404 0
2036 0
0 0
0 0
2297 3291
3602 0
0 0
0 0
4452 0
496 2574
3105 3589
3944 4359
0 0
4702 0
4766 0
3195 4071
1088 0
4998 3225
0 0
0 0
0 0
0 0
1246 212
0 0
2699 247
3979 3538
2478 0
4286 2655
2484 162
0 0
4032 0
0 0
320 0
0 0
2897 2048
4657 0
2626 0
4213 0
0 0
2516 0
3888 0
0 0
0 0
0 0
2661 0
0 0
4697 2209
1978 1879
0 0
0 0
2528 3975
4834 3505
3430 0
4108 998
0 0
0 0
4523 0
619 0
0 0
1956 0
0 0
0 0
451 4603
949 0
2988 2109
106 0
0 0
1696 0
2700 0
2265 0
0 0
1219 0
0 0
0 0
3542 0
3331 0
4040 4016
3770 1367
0 0
1992 0
0 0
1386 3567
1181 0
2186 0
1997 2087
926 3874
4172 1027
2753 3411
3036 0
3668 3322
0 0
0 0
569 0
3370 0
0 0
1950 0
4427 1582
3683 2778
4658 2822
0 0
3997 2084
4885 3924
131 0
2199 1573
1904 0
3077 0
2572 1869
0 0