10000 6518
4801 1678
828 0
1315 0
8086 0
0 0
8114 0
0 0
7603 4753
0 0
1142 0
0 0
2078 3066
2409 3888
0 0
9469 0
4102 0
6963 0
1719 2040
0 0
0 0
0 0
0 0
7136 0
9055 0
6217 1323
2389 2969
0 0
6493 0
0 0
9050 9559
5565 5075
7856 0
0 0
2123 0
2870 0
0 0
1689 0
0 0
2788 9541
0 0
8133 6416
0 0
0 0
1086 0
0 0
0 0
5832 7154
3556 369
588 3681
4359 6225
1282 6742
9116 9598
0 0
0 0
0 0
5378 4555
9431 0
9731 775
3290 0
0 0
6454 5404
4824 0
0 0
3421 0
1233 0
0 0
0 0
1803 0
9314 0
5386 4243
0 0
5201 0
6662 4745
0 0
9709 0
3003 6172
8664 0
7686 0
1470 0
0 0
6856 0
6748 5671
271 6931
0 0
5781 0
4201 3805
8498 0
0 0
4031 6035
6036 9604
3341 315
70 0
4964 0
1616 0
0 0
248 7222
3502 0
8203 0
4484 2561
6897 0
0 0
2837 9421
0 0
3859 7280
2413 0
5051 4705
5798 4982
0 0
517 0
6511 0
3015 0
0 0
2841 0
0 0
650 4024
5040 0
0 0
8515 0
7447 1017
0 0
8001 0
7316 9388
3756 0
6962 0
5415 3979
8763 7962
1732 0
1348 5545
2294 5673
5323 9260
7597 0
8534 0
2430 0
9659 0
3115 0
3512 0
0 0
5282 0
2617 0
3962 5275
0 0
856 6667
0 0
0 0
2071 8617
1106 9036
8368 9099
1317 0
3476 0
0 0
7233 8567
0 0
0 0
9076 0
4045 0
6640 4647
0 0
0 0
0 0
0 0
8209 5
7909 0
6222 2535
0 0
0 0
0 0
1662 1937
4782 2210
3059 192
2288 0
2342 0
8687 0
2308 0
0 0
879 0
3538 399
4327 0
0 0
0 0
301 9675
0 0
0 0
0 0
2768 0
0 0
4764 3201
976 0
2502 0
0 0
0 0
0 0
218 922
363 0
135 585
0 0
0 0
0 0
5958 7079
9132 2220
0 0
2340 0
9511 328
4235 8026
0 0
0 0
0 0
4790 6982
5288 3178
4065 0
740 0
6104 9678
0 0
0 0
0 0
1356 6746
6026 9911
0 0
9764 0
6553 0
0 0
3255 8081
8115 0
0 0
2016 7601
4837 0
0 0
5822 5263
2299 0
6772 3468
2810 2065
0 0
0 0
4108 0
0 0
0 0
1638 0
2519 0
4261 6368
0 0
3902 0
2383 6617
0 0
5991 0
8862 0
6921 6738
8796 4055
5692 0
2608 0
9441 0
0 0
347 0
2122 0
5495 0
1113 0
655 3992
7387 0
338 5303
0 0
4455 0
9489 1971
788 1125
9473 0
9075 7123
5532 67
23 0
1622 2772
1250 1031
3501 1355
0 0
1076 0
0 0
5325 3507
3624 0
0 0
2138 618
0 0
4540 0
0 0
8502 0
0 0
0 0
7474 0
4471 0
0 0
0 0
8839 2660
3914 1782
950 5877
8635 0
1928 7340
7078 5347
8853 4015
7479 2250
0 0
0 0
971 5930
6245 0
5805 0
4588 0
0 0
3652 4409
3125 0
0 0
5892 0
7748 0
0 0
9773 0
8056 0
0 0
5927 7904
5018 939
1445 0
0 0
0 0
3966 0
4552 0
0 0
3402 0
0 0
5885 0
2930 0
5156 133
0 0
1122 0
5100 0
0 0
0 0
0 0
2933 0
0 0
0 0
0 0
3159 0
7870 0
654 5978
0 0
1092 6040
0 0
0 0
1903 8156
1669 5332
0 0
7289 0
0 0
0 0
5169 2483
0 0
4734 0
6679 8388
9679 0
0 0
5780 0
7300 2253
8865 0
1728 6375
0 0
0 0
0 0
4854 0
7617 5728
385 1370
0 0
0 0
3650 0
59 7744
6115 5249
0 0
0 0
0 0
3321 0
1927 4961
6459 0
912 2882
815 0
0 0
0 0
352 6025
9503 0
0 0
6570 0
1251 0
5335 3349
7314 7632
0 0
8377 0
536 0
0 0
7176 0
0 0
419 2908
0 0
749 579
8159 0
0 0
6929 0
5168 2302
4250 0
0 0
3110 3041
0 0
0 0
4949 5756
2563 0
968 4607
3782 8842
9942 0
0 0
6340 0
5969 0
1319 941
0 0
8449 4494
8098 9059
7934 0
8552 0
7343 2540
6457 0
3898 374
0 0
0 0
9761 3241
3269 681
0 0
0 0
0 0
9140 0
8599 5843
0 0
5326 9735
0 0
2668 2791
9692 0
9833 0
9563 0
2427 9034
2462 0
8736 0
0 0
0 0
5810 4997
4218 0
5055 1904
9506 4404
0 0
4940 0
0 0
0 0
0 0
2000 6790
5154 0
0 0
0 0
0 0
4988 9940
6113 0
0 0
8768 0
5322 0
7910 0
3978 2480
7126 8236
0 0
0 0
0 0
0 0
1910 6117
3654 0
8457 0
2312 7633
5984 0
5616 0
1631 0
4480 8060
0 0
9834 3963
4296 0
0 0
4129 7729
0 0
0 0
5445 0
0 0
2904 0
4241 9759
4396 4185
2848 0
5651 0
670 4712
6954 0
1909 0
2060 0
7576 0
4043 0
0 0
2004 0
2650 0
9857 0
5085 0
0 0
1431 0
3519 0
8611 0
7481 0
2849 7442
2750 0
9078 0
4907 0
0 0
8900 0
2486 0
3085 0
9115 0
102 6024
450 0
0 0
0 0
4214 0
2541 953
787 9978
0 0
5262 6723
0 0
6521 0
0 0
2664 0
0 0
0 0
2351 2338
0 0
287 0
8195 0
8016 6894
6311 3487
638 0
0 0
4793 6541
0 0
0 0
6581 8398
0 0
8587 1644
7893 0
1489 1321
443 0
56 0
0 0
4872 0
6767 0
0 0
8642 8698
5185 0
5640 0
1869 2500
9016 4599
2157 6559
2526 0
7307 0
2426 0
0 0
672 6249
3439 8503
0 0
5894 0
0 0
5186 0
7065 2921
0 0
5730 3523
0 0
3022 9236
0 0
2141 0
9732 9370
0 0
406 0
0 0
7876 0
0 0
1386 0
4611 0
4987 9155
0 0
6360 0
733 4566
5588 9343
9063 4195
0 0
0 0
5247 6775
6749 0
0 0
324 8574
9318 0
0 0
2295 0
8217 0
2604 554
9895 0
721 3013
0 0
2766 0
9047 4906
3838 2044
3936 0
4542 7160
7627 5155
1592 682
3788 0
1243 0
9943 0
8453 4290
878 0
0 0
6008 0
0 0
1246 2973
0 0
0 0
0 0
8696 2378
6783 0
3622 8740
3169 0
5073 6019
3262 0
2997 2335
4319 0
2711 8447
5513 0
2461 3580
3950 5989
4176 0
7559 4448
0 0
1373 8488
1380 0
0 0
7445 1223
0 0
0 0
392 0
0 0
6964 0
6971 1920
7861 0
0 0
0 0
673 8472
0 0
2029 8433
5880 9922
0 0
0 0
9518 0
8063 7838
6634 0
0 0
8469 4649
0 0
0 0
6177 8873
6576 20
9218 7056
3868 7952
0 0
455 2235
0 0
0 0
8556 2974
0 0
7235 0
4083 0
4652 0
3835 0
3675 0
4413 6836
0 0
0 0
8417 4225
2097 5872
4524 4335
6021 0
7382 0
8296 6481
9437 957
4077 5065
3793 8362
8969 9291
5264 0
3913 0
8281 0
1207 0
0 0
4856 0
0 0
0 0
8015 0
2322 0
2989 0
9504 0
3965 0
4506 0
9796 0
5761 5983
1382 0
0 0
9423 0
5942 5464
5148 0
3295 1266
0 0
9443 8958
8 551
7569 4781
5124 5192
0 0
5900 0
5815 0
0 0
0 0
1755 0
8257 9704
0 0
8051 0
0 0
7812 0
0 0
2825 5430
1446 0
5537 0
1107 0
9509 5220
2346 9287
8072 2663
4303 2390
0 0
9776 875
5561 0
1560 9232
3751 4772
91 397
0 0
0 0
6997 0
9786 0
1240 0
7825 2883
290 0
0 0
0 0
0 0
5419 0
3791 9069
636 0
0 0
0 0
6814 0
4423 0
0 0
0 0
8164 0
798 1490
0 0
0 0
5310 0
0 0
2555 0
0 0
2265 0
0 0
8906 9634
9558 6943
6686 4076
0 0
0 0
0 0
7888 0
2866 0
9783 0
8451 7038
0 0
4152 0
0 0
0 0
3748 9974
799 1160
9325 2833
3235 6823
0 0
4794 9665
1345 0
7852 730
5908 0
9672 0
4805 0
9666 754
1770 8705
2289 8007
7844 4410
0 0
6643 9959
0 0
9212 0
0 0
3876 0
0 0
198 4116
9987 0
3325 4577
616 600
3516 0
0 0
201 2979
7572 0
2003 0
0 0
4486 0
3130 0
1087 0
8048 0
0 0
3517 0
5119 0
0 0
0 0
842 1066
9579 0
0 0
0 0
9124 3355
4109 8189
8570 0
0 0
1047 3919
5786 0
9206 0
0 0
2589 0
0 0
0 0
9971 2247
9625 0
8213 0
0 0
8085 0
1150 4179
8741 2754
6508 0
0 0
759 516
1696 5141
6852 0
965 648
1104 956
6168 4114
0 0
6010 9910
683 0
3211 729
6327 0
0 0
0 0
6154 8811
0 0
1329 8995
0 0
1205 0
0 0
2327 2640
1164 0
4792 7586
0 0
0 0
0 0
2594 0
8242 33
0 0
4090 0
4210 4578
0 0
5409 8153
4191 9710
8251 0
2337 9170
0 0
6578 4111
360 8139
0 0
0 0
9200 6003
662 49
8962 0
4320 0
7843 9486
6874 4190
415 0
0 0
0 0
7964 0
2019 0
7758 0
0 0
0 0
0 0
5966 5553
0 0
4749 7611
4512 0
2227 3151
573 9098
626 893
8655 926
0 0
5875 0
0 0
9500 5453
9748 6806
4533 0
8671 2635
0 0
0 0
0 0
0 0
0 0
2287 0
8137 0
0 0
2240 0
4580 4081
2803 1166
0 0
0 0
1604 3459
3076 6602
17 0
6348 2031
2074 0
0 0
3904 4354
0 0
8946 0
6906 0
7982 7514
7808 1600
9472 0
8492 0
7107 0
7118 0
0 0
5614 0
0 0
4799 0
0 0
0 0
6722 0
0 0
8855 8263
4358 0
0 0
0 0
9717 2115
0 0
0 0
4525 0
3164 0
762 4980
0 0
5171 4523
0 0
3122 5426
0 0
0 0
0 0
909 0
0 0
0 0
0 0
0 0
3520 0
4883 0
5510 4375
0 0
291 0
1459 2005
0 0
9334 8707
0 0
0 0
1078 0
0 0
2704 0
8232 8476
4387 2591
4798 7331
3319 0
5184 4131
6288 2276
0 0
2093 9428
8373 8717
8665 8566
8465 8518
7367 0
0 0
9656 0
0 0
7033 0
8892 2512
2226 0
7183 0
9323 0
0 0
0 0
0 0
0 0
0 0
5019 9090
1098 7301
0 0
0 0
108 0
6671 0
0 0
7058 5998
0 0
0 0
0 0
1517 0
2431 0
1645 1469
0 0
2981 0
6739 908
7128 8262
0 0
7480 0
2084 4605
0 0
5450 9411
7553 0
5879 0
3575 6984
7356 0
0 0
9817 3204
0 0
349 0
4587 7790
5113 0
9507 637
3740 6789
5174 0
0 0
1741 1730
9479 0
967 1714
3970 4246
0 0
0 0
0 0
2887 1812
4128 0
2492 2643
4788 1036
0 0
7926 9103
9571 2038
5451 0
7981 0
9609 7321
21 0
3006 0
1473 0
0 0
8577 4654
1825 4293
0 0
7333 4093
4924 0
6293 0
0 0
0 0
6490 8538
663 0
298 0
0 0
1674 8836
0 0
9903 0
0 0
0 0
5888 3975
572 0
0 0
0 0
4543 5956
5899 4575
22 691
4822 0
4252 4503
1173 0
7047 8514
6855 5820
0 0
1899 7806
0 0
4673 0
6939 0
407 0
8493 0
28 0
722 2600
8326 1536
0 0
0 0
7508 9085
2741 5454
0 0
9882 0
5187 2601
8127 0
5736 4637
4130 4047
8608 853
2827 514
763 0
0 0
0 0
2539 118
3043 0
0 0
0 0
8342 3695
0 0
0 0
5069 993
2909 8066
0 0
3828 6450
0 0
0 0
0 0
1448 981
0 0
0 0
411 0
5134 5009
2285 0
3249 0
0 0
0 0
0 0
8972 0
2124 0
0 0
3557 2747
1411 3554
5657 0
245 0
3172 2902
3930 0
1019 972
2497 6268
0 0
0 0
5851 0
159 0
0 0
1225 3900
0 0
0 0
0 0
9650 0
6143 8248
6184 0
0 0
0 0
0 0
0 0
5868 0
0 0
0 0
0 0
5307 0
4478 825
4784 7544
0 0
0 0
6798 2798
6215 7867
2701 44
9161 0
0 0
3324 4646
6310 6472
9021 523
4322 0
0 0
0 0
3373 8180
0 0
3753 0
0 0
596 6597
9496 640
3070 4395
0 0
7533 0
0 0
9331 0
4530 0
0 0
4834 8957
8092 1591
0 0
0 0
0 0
8107 0
3715 2963
0 0
7697 9753
5524 8955
0 0
8920 3676
0 0
0 0
8260 0
6244 4668
0 0
475 9044
820 7201
771 3128
8784 0
2536 8106
5423 0
1193 748
0 0
1248 4780
1752 0
0 0
0 0
4338 0
0 0
11 622
1457 0
719 0
4001 6332
0 0
1866 1880
0 0
234 5652
0 0
3042 5199
0 0
0 0
0 0
1093 4593
3171 0
8866 4713
1258 8443
3539 9893
3989 0
6670 3205
0 0
0 0
1342 5562
0 0
5610 6960
6889 0
0 0
0 0
2553 0
1893 0
0 0
0 0
9589 7873
7068 0
4048 9569
0 0
1083 0
4039 7395
3415 5718
6598 866
0 0
4374 0
6530 0
0 0
0 0
6498 2697
943 0
3877 6706
0 0
0 0
0 0
3841 5630
9227 5144
0 0
9721 6554
0 0
0 0
0 0
8612 9043
1772 1053
1011 5260
5416 9588
0 0
8452 5967
0 0
8226 0
4878 0
7499 5093
3154 0
0 0
8363 0
5062 973
0 0
7197 0
0 0
5401 0
1748 509
5208 7405
2417 3443
0 0
0 0
0 0
9990 0
1422 0
7616 6951
5216 0
2449 3100
1361 0
0 0
5709 0
0 0
0 0
3889 0
9867 9745
4863 2
3322 0
0 0
0 0
0 0
3248 4282
5792 7992
0 0
8463 0
0 0
5349 0
1476 7064
0 0
5564 0
1548 0
3441 5525
0 0
9526 0
2636 0
5077 3883
7335 8144
9888 76
0 0
0 0
0 0
6824 5015
0 0
6649 6513
1014 0
357 0
0 0
2586 0
4698 0
3346 7602
6923 0
1435 0
8893 0
0 0
7887 0
2852 0
0 0
4240 4545
6240 8321
5972 7901
5028 1791
888 4711
0 0
0 0
0 0
0 0
1257 5521
824 0
0 0
5572 0
2415 2163
6100 8899
0 0
0 0
3511 0
8093 4331
0 0
0 0
4182 0
4226 3399
3982 321
136 0
5066 4795
1347 0
0 0
6623 0
0 0
7342 7304
1226 0
1897 0
0 0
3354 6331
3083 9071
2587 8933
7212 5577
7889 0
0 0
1862 3016
942 3284
8179 2270
6860 0
0 0
9638 8403
0 0
0 0
2194 1155
3679 6887
5188 2585
0 0
5740 8216
0 0
416 561
9947 0
0 0
4426 0
0 0
0 0
2864 4424
3669 0
8994 2132
5522 3864
362 0
810 3500
1154 1802
0 0
0 0
793 38
0 0
892 1982
3337 0
1197 990
765 0
9253 7165
4265 3660
5678 0
604 1737
1377 0
0 0
0 0
5682 0
6200 5164
1999 6913
7130 0
1169 0
7088 8169
6130 0
8558 0
8421 0
8266 0
1152 5317
9594 0
0 0
8732 0
0 0
2948 1834
0 0
9129 7378
0 0
0 0
718 0
4361 0
0 0
5408 9367
2402 3690
0 0
1733 1614
0 0
665 0
6818 3579
7238 2140
1649 9572
8805 3915
0 0
0 0
0 0
0 0
1252 0
0 0
1304 3993
4568 0
0 0
5129 0
0 0
0 0
1497 0
0 0
0 0
8992 7807
1277 0
0 0
8562 9083
5748 0
7749 5481
0 0
0 0
0 0
3593 0
0 0
0 0
0 0
5795 4597
4050 5461
4515 8483
1407 0
0 0
0 0
0 0
9529 5411
2629 0
7259 5897
0 0
8571 0
3836 9148
8020 3481
0 0
0 0
9288 0
250 4345
0 0
0 0
0 0
0 0
6066 0
1308 0
5151 7248
2509 6955
3239 0
4060 0
8094 6839
3910 1187
0 0
5098 5301
4312 0
0 0
804 0
1624 0
3952 5338
0 0
7482 0
6990 1667
1924 0
0 0
1283 0
6544 9582
2583 2310
7032 4501
560 8648
7558 929
5214 0
0 0
0 0
6762 5243
3470 0
0 0
0 0
6162 0
1761 0
0 0
0 0
0 0
6041 2688
0 0
109 7287
3878 0
6877 6974
0 0
612 4145
3954 2624
0 0
30 5689
4810 6089
0 0
0 0
0 0
0 0
4162 4341
8809 0
5931 0
0 0
4664 9510
0 0
0 0
0 0
6546 1204
3062 0
0 0
0 0
0 0
0 0
0 0
5738 0
0 0
0 0
9491 4470
4738 0
5295 2986
2191 5589
9207 0
9136 0
8718 8201
0 0
0 0
3895 0
6768 829
0 0
0 0
563 0
2473 6556
2949 0
0 0
2807 0
5235 0
2693 6173
7797 6447
124 7736
9872 0
4957 0
9821 0
0 0
8239 5602
5439 9133
8747 0
6053 0
9366 0
6255 226
5916 549
8110 0
9812 569
2047 0
5910 4899
4389 0
3202 0
2179 0
0 0
6185 3450
9349 4558
1718 1699
8343 0
4938 0
0 0
3729 0
199 6565
0 0
5701 0
6016 0
0 0
0 0
31 0
2110 0
6202 0
8411 9053
7216 0
3358 0
2840 0
5480 0
6813 183
2869 4537
0 0
0 0
8184 6825
381 0
2811 2940
4368 0
0 0
1015 171
0 0
0 0
0 0
0 0
6629 0
4624 0
0 0
0 0
8742 3194
0 0
0 0
4807 0
0 0
5078 1525
9954 9164
984 9427
5672 3909
8404 3855
0 0
452 0
0 0
6387 0
0 0
9617 3021
624 0
0 0
0 0
9523 0
0 0
3036 6467
0 0
1888 0
7772 8112
5007 0
2119 3388
421 0
7692 6833
8706 0
46 0
0 0
668 8088
4206 0
0 0
9913 8285
3123 7177
1776 1579
0 0
8649 4565
0 0
6111 0
4314 1426
7048 0
3544 0
0 0
917 7638
127 0
0 0
5580 0
375 1232
7592 0
0 0
0 0
0 0
0 0
0 0
5753 0
7804 5163
0 0
4591 6126
0 0
1485 7221
0 0
0 0
0 0
961 2918
710 619
1177 8130
8439 5902
7859 0
5944 0
0 0
7181 6258
0 0
2993 0
8568 4802
9839 0
0 0
5358 8951
0 0
7409 0
138 5302
0 0
3646 0
8485 2799
3797 2272
827 0
3789 0
3845 0
0 0
0 0
0 0
0 0
726 0
8651 0
0 0
2764 0
8708 0
4876 4174
0 0
1331 0
0 0
329 7773
0 0
1994 2033
7135 0
4106 0
3229 5666
1692 2929
6925 6142
0 0
4769 0
0 0
7652 0
7018 0
0 0
0 0
420 4800
9636 0
9080 474
0 0
0 0
0 0
6305 0
6307 0
2996 0
4984 1295
1191 0
2237 7137
4504 7781
0 0
0 0
4930 6674
8787 3368
4042 0
0 0
0 0
3677 0
8584 0
0 0
0 0
3378 0
209 0
0 0
0 0
2873 0
3762 0
0 0
717 8778
1943 0
635 0
6857 0
0 0
9644 0
0 0
8113 0
0 0
1178 5895
0 0
5013 998
1541 0
5314 2398
0 0
1219 905
0 0
0 0
9046 8353
0 0
1423 318
7947 9824
0 0
0 0
4901 0
8533 0
0 0
2015 0
9905 0
5382 5478
6720 7277
0 0
0 0
6030 1195
0 0
0 0
0 0
0 0
1881 0
0 0
1202 0
6323 9690
1388 9548
0 0
9790 2702
8482 6465
3572 0
0 0
0 0
0 0
0 0
7229 3413
0 0
8956 0
6900 0
0 0
5300 435
6989 0
671 0
9542 0
7720 2739
0 0
0 0
0 0
9560 8614
8291 0
0 0
0 0
0 0
9853 8358
5377 1208
4132 0
3251 0
936 0
9539 1934
0 0
1001 1103
4908 173
3689 1808
9293 0
5365 0
0 0
2621 0
0 0
1830 0
8091 1502
0 0
2284 7678
7649 5475
4023 0
0 0
5312 1364
583 0
9961 0
5921 6018
5759 0
4113 6239
9151 7117
7049 0
0 0
8441 0
3875 0
2625 280
6549 9432
0 0
0 0
7661 0
2032 8109
445 2008
0 0
0 0
0 0
0 0
5608 7030
4097 0
188 0
0 0
1842 1005
8435 0
6444 9066
4970 1222
0 0
7854 0
0 0
2328 3
0 0
6902 8646
1239 8647
0 0
0 0
0 0
4598 4160
0 0
4943 0
0 0
3858 6909
1921 0
8578 3549
0 0
609 0
0 0
9430 9022
4217 3017
2999 0
2069 7562
1750 3272
0 0
0 0
185 0
2177 7546
0 0
0 0
1299 4161
8050 0
0 0
4271 3921
3375 4847
4636 9348
0 0
0 0
5751 99
8889 0
4406 4030
1414 8643
5994 0
1035 0
5953 9628
5493 0
330 0
8540 0
4056 2773
0 0
7865 4848
940 0
1663 1809
8721 0
1892 5632
2131 1952
0 0
7029 0
6970 8756
9623 2705
9149 8936
0 0
4291 7895
6134 0
0 0
9275 0
7486 6108
0 0
5095 0
565 0
6920 0
9919 0
3242 5702
2200 0
8397 4981
3527 2001
0 0
2239 0
6382 0
0 0
5237 5527
4094 4321
4316 401
0 0
5381 4678
6083 7987
0 0
6433 1175
0 0
4604 0
0 0
0 0
0 0
1351 0
4444 9766
2885 0
711 0
0 0
5166 0
0 0
93 0
5688 0
9433 4362
8905 0
1073 0
6463 5839
2219 0
7426 5112
0 0
0 0
5287 9883
0 0
5607 6369
1201 7963
0 0
0 0
0 0
0 0
237 0
0 0
5135 6267
0 0
8702 9061
0 0
0 0
0 0
0 0
0 0
0 0
4539 0
281 5047
0 0
0 0
0 0
0 0
0 0
7915 840
0 0
994 3026
0 0
0 0
7199 1272
2543 4399
6787 838
0 0
5283 3770
9976 0
8602 0
0 0
3799 0
1389 8278
9435 292
2759 2195
0 0
0 0
5139 894
3534 8079
3934 0
0 0
465 0
5654 7092
7198 9932
4277 0
178 0
8764 7373
4891 0
9874 5585
0 0
633 2429
9308 0
0 0
1474 0
0 0
4521 7970
0 0
0 0
9789 1452
8357 3287
966 4013
537 0
3766 0
949 0
8605 0
0 0
4274 3603
7162 0
5856 2341
837 0
0 0
6475 0
4779 2326
8009 0
0 0
8631 3886
7643 2303
0 0
371 0
1477 3484
5463 0
6212 4315
8295 9522
6809 8339
5107 0
0 0
0 0
7497 5952
3957 0
0 0
2495 0
0 0
4676 0
7683 1665
430 0
0 0
3648 0
0 0
0 0
8759 0
0 0
3261 0
9375 0
9446 0
0 0
2450 0
7718 0
194 9841
3705 5084
5695 4934
4384 830
0 0
1675 1845
8190 4815
7667 9622
7543 8120
2028 0
0 0
9407 2614
7051 3369
2727 6703
7110 5643
0 0
0 0
7664 0
702 1291
0 0
9274 0
1913 0
9350 9327
0 0
0 0
0 0
8392 0
1421 0
152 0
0 0
0 0
0 0
6784 1531
4571 862
1817 0
5336 945
8532 0
5477 0
0 0
0 0
6187 0
2804 0
7702 0
3906 0
8507 7184
0 0
0 0
0 0
0 0
0 0
4859 0
0 0
864 0
6033 2161
0 0
0 0
191 0
9387 0
7522 8188
0 0
927 0
6452 0
5771 0
8436 0
1366 6103
0 0
2013 6049
0 0
4548 0
2155 6281
6425 0
1510 0
1464 0
3617 643
6619 0
0 0
2049 9320
0 0
4675 0
7451 0
714 0
0 0
1088 0
7189 0
0 0
0 0
8027 4755
0 0
0 0
0 0
5082 2343
9344 1379
1270 0
9528 9230
0 0
8564 0
7258 1519
6445 3228
0 0
8064 9873
2271 0
9228 0
2943 2627
2657 0
310 0
0 0
0 0
0 0
0 0
0 0
6831 6501
9556 3339
1577 0
0 0
3328 7914
9467 0
3478 1399
0 0
0 0
0 0
8289 0
4125 2818
0 0
4971 0
4809 4693
0 0
6057 2599
1844 0
4072 0
0 0
2598 8926
3629 3682
5745 7727
0 0
0 0
0 0
0 0
3279 0
6840 0
7505 8069
0 0
5526 0
0 0
6548 0
0 0
4245 0
2835 7305
6458 8293
0 0
1500 0
8500 0
8383 0
1506 9742
0 0
0 0
8185 9877
4814 0
9033 5625
0 0
5696 0
9222 0
0 0
9190 5876
8607 0
3923 0
5626 5922
0 0
0 0
0 0
8886 2590
4158 0
9828 4531
0 0
7060 0
7531 6729
7997 6297
8512 1564
0 0
4450 0
8080 0
0 0
0 0
7466 7563
8297 6304
7596 274
0 0
6907 4332
7144 0
5550 5719
8460 4330
0 0
0 0
8277 8386
0 0
3334 0
1425 0
0 0
9723 9968
0 0
6512 0
9549 6550
4789 0
3701 0
8400 0
0 0
580 5206
0 0
2382 0
9515 5773
0 0
1434 0
521 8068
9967 0
0 0
3738 4263
0 0
6133 0
9993 82
8971 4573
2899 0
5020 5793
1466 0
4357 0
582 0
1670 8272
0 0
0 0
2053 0
0 0
0 0
7013 0
7167 0
3343 7735
9054 6275
0 0
1973 6656
7093 0
0 0
6223 0
886 414
0 0
4297 0
6358 0
2070 7454
4459 0
5372 3032
2068 0
6551 6888
7929 0
3127 8661
0 0
7438 0
477 0
8212 3586
0 0
5698 8777
0 0
2366 1395
0 0
1268 4380
4286 0
0 0
1401 0
8332 0
7185 0
2736 3995
0 0
3747 0
531 0
4497 0
9220 0
948 4986
8494 0
3561 0
0 0
5276 0
0 0
9125 0
2672 0
9635 0
5996 0
7475 5357
528 0
1849 137
2082 0
3092 0
632 6372
0 0
9029 5448
1198 1856
5663 7086
3064 0
8335 0
7976 6338
9456 0
2185 0
0 0
9846 0
8258 0
5665 8505
7538 5455
5714 2653
8129 0
0 0
0 0
0 0
5726 3893
5768 0
3935 4205
0 0
0 0
1636 0
7076 0
0 0
0 0
0 0
1523 0
0 0
9357 8043
0 0
805 8821
4722 7519
7567 2990
1276 5193
9829 9399
0 0
0 0
3058 3948
0 0
931 0
0 0
4070 3540
9445 1511
0 0
0 0
0 0
0 0
0 0
7386 0
0 0
0 0
1513 0
8719 0
1334 0
480 0
0 0
758 3040
0 0
1886 3537
2175 5907
0 0
0 0
0 0
6046 3813
9870 8725
4972 2090
0 0
0 0
2808 3213
0 0
3922 5637
791 5864
8715 0
0 0
8699 9992
8673 0
5045 2634
0 0
7452 2545
3156 2496
0 0
0 0
0 0
3079 286
8988 7398
0 0
0 0
7784 2698
7470 0
3109 8065
6969 1215
0 0
8952 0
841 0
0 0
3871 8928
7575 0
6675 5790
2922 3626
5961 211
6673 0
4445 0
0 0
0 0
6078 3817
7640 0
7074 5567
869 3806
7407 2889
6830 0
5959 6361
51 7266
5667 0
7446 0
7946 6901
0 0
2193 0
6081 0
1627 0
6786 7711
3206 0
7913 0
1037 149
3716 769
3697 0
9284 0
0 0
6430 0
0 0
0 0
0 0
7800 0
1683 9545
9321 8315
5700 6042
814 0
9779 5023
5917 0
6050 7875
1424 2046
5153 0
8253 8158
0 0
9193 0
4887 6296
9142 3905
2436 1865
2984 0
0 0
5350 6930
964 387
5733 0
3444 5823
5684 4371
5286 0
0 0
0 0
3234 0
9017 113
3956 7961
1372 0
0 0
3411 6356
1330 547
2086 0
6124 3158
0 0
8849 1779
276 0
2879 0
8135 0
1310 811
3863 0
1022 8945
0 0
9197 0
8685 777
746 0
0 0
4304 6337
1482 0
4508 6308
0 0
7019 0
3702 7008
0 0
7364 0
3212 0
9897 6434
5279 6577
8350 7252
1300 36
9587 0
0 0
7570 1461
4629 3314
0 0
4107 0
7671 5943
0 0
0 0
0 0
3802 0
3302 3102
0 0
6657 0
7230 7609
9297 0
6303 8409
1002 4716
3503 2440
0 0
5345 1639
5244 0
0 0
0 0
7310 6678
0 0
0 0
1781 0
4922 9226
5031 8090
0 0
0 0
1713 0
0 0
2699 0
8575 2935
0 0
2992 0
8670 0
6032 0
8967 3265
3846 4383
0 0
4213 7200
1857 861
2018 0
4064 7249
0 0
2181 6870
6344 0
3959 0
2836 958
0 0
0 0
7604 0
0 0
9100 4010
3345 0
4033 0
0 0
6413 1883
0 0
0 0
0 0
7767 7371
0 0
982 0
6280 0
6412 0
0 0
6336 0
7659 3330
0 0
9422 1042
2213 7591
0 0
7323 9137
2796 0
9363 0
7648 296
7063 0
6061 0
7406 0
0 0
6572 0
3429 0
0 0
3435 0
3649 9613
5725 2043
3047 4454
0 0
7771 4009
698 7756
1660 1988
6622 8824
0 0
0 0
9778 0
7582 0
4415 5668
1218 0
0 0
0 0
0 0
7941 0
2435 0
2403 3994
1551 0
0 0
534 8316
9150 6243
9813 3252
3342 7241
4699 0
0 0
4411 4063
8619 436
4169 390
513 3494
3219 2206
0 0
5683 0
6295 8851
2528 0
3563 0
887 2919
3666 1552
5368 0
0 0
1798 441
6265 1753
8224 0
4120 0
0 0
0 0
2575 0
7062 2784
2245 0
0 0
2685 0
7755 0
1554 0
4731 0
0 0
0 0
5008 8379
6196 6180
7574 0
0 0
9374 5833
0 0
1771 1281
2301 6614
7593 3685
734 0
659 0
9460 9570
0 0
0 0
2534 0
9781 0
5597 2676
880 0
2278 4035
2376 5642
0 0
195 0
0 0
1887 0
0 0
0 0
0 0
3513 6374
5575 8691
4026 2344
1850 0
7583 0
4427 5905
0 0
1508 483
4221 2691
4592 3866
6587 7832
6866 0
9025 0
4420 832
0 0
571 0
1687 0
0 0
1846 997
8256 7425
0 0
1221 3598
0 0
0 0
2620 9729
0 0
4052 0
3170 1629
8546 5891
0 0
6503 854
0 0
4492 5227
8231 6220
0 0
6741 5238
0 0
0 0
0 0
0 0
4520 6204
0 0
4947 1568
0 0
3709 7974
2582 0
334 0
568 0
3095 0
6181 9930
5675 0
6391 9448
3000 900
4953 0
0 0
6687 0
4464 0
920 0
1841 0
1586 2850
8976 8422
0 0
0 0
2316 611
4511 0
8843 0
1494 0
125 0
0 0
0 0
2742 0
4683 3625
0 0
5803 0
4379 0
7374 0
9896 0
0 0
1593 3162
0 0
6972 2387
4532 0
0 0
1694 2780
0 0
0 0
2725 0
0 0
0 0
0 0
4785 0
0 0
0 0
2787 0
2007 8002
6182 0
0 0
4768 6106
7587 0
9162 0
2911 3769
2616 0
9372 0
0 0
9649 0
8788 7041
3407 0
5432 0
0 0
0 0
0 0
0 0
2404 0
2566 5509
0 0
4146 0
1710 4258
3722 1220
0 0
4066 0
8124 0
3691 2212
0 0
2680 0
8028 8019
0 0
2732 0
1915 0
4762 112
0 0
0 0
2350 6853
0 0
0 0
5126 0
0 0
1007 0
1134 0
0 0
1566 5788
1578 5003
9285 8385
3143 0
0 0
0 0
85 3615
3771 992
0 0
4237 134
3018 0
0 0
8171 3731
1139 0
0 0
8207 0
2706 5360
0 0
7993 0
7530 66
3973 2375
0 0
0 0
2136 3232
0 0
0 0
9070 0
0 0
0 0
3350 0
0 0
0 0
0 0
0 0
0 0
6031 3046
4027 5359
3726 0
0 0
0 0
0 0
916 3168
4453 0
9984 0
1829 0
0 0
4202 0
8555 0
0 0
3794 3103
5534 6226
9566 0
0 0
6861 0
2667 8935
7377 7108
0 0
834 6390
7439 325
0 0
6834 0
8322 1214
3309 881
3193 0
1064 0
664 6837
843 0
4816 0
6753 0
7385 8425
0 0
4826 3991
0 0
6585 4493
2721 0
0 0
0 0
0 0
495 0
6079 0
0 0
0 0
1993 0
6669 0
0 0
6531 0
0 0
5397 0
0 0
0 0
6128 0
6152 1720
2246 0
7396 0
0 0
4127 0
0 0
0 0
0 0
0 0
0 0
1392 0
8950 780
412 0
4742 0
9175 0
8003 9703
9737 3446
644 2619
4342 5049
2641 0
0 0
5266 0
2707 0
0 0
476 9196
4544 4376
1354 2626
3668 0
0 0
0 0
2991 0
2369 0
9951 0
0 0
0 0
5037 2894
9 978
8879 7188
0 0
0 0
4369 0
0 0
4559 1684
4323 3810
8148 0
7365 0
0 0
0 0
709 0
0 0
103 7594
0 0
0 0
5776 0
5531 0
2258 0
16 0
1254 1199
0 0
4850 0
5584 8806
7449 0
4823 0
0 0
0 0
0 0
0 0
297 0
4576 0
0 0
0 0
1336 0
6518 2770
0 0
0 0
1992 6091
9578 7015
471 8609
0 0
3777 7170
0 0
7166 0
0 0
2151 0
0 0
0 0
0 0
7072 9803
0 0
9707 9686
1429 0
3465 7288
5633 0
7403 5222
944 2551
9172 0
9084 0
6516 8895
5691 0
0 0
5964 0
0 0
0 0
3497 0
4267 6910
0 0
3304 0
0 0
6627 7089
1727 5766
8074 0
0 0
0 0
8268 0
0 0
0 0
4005 8603
0 0
2464 8644
0 0
0 0
9784 0
6174 2204
2202 6504
577 977
5331 5912
9391 0
6456 0
0 0
4774 5269
8910 2309
5176 0
1757 1701
7443 0
0 0
2814 952
0 0
9595 0
9082 0
2501 8174
3547 0
1297 6271
0 0
8197 8186
0 0
1267 0
1861 7370
7821 0
117 0
0 0
7148 6229
0 0
5486 6473
9401 0
0 0
4898 1021
0 0
0 0
1539 9955
1962 6236
5573 4999
3292 6560
8052 0
6284 0
0 0
0 0
7155 0
690 1211
9271 0
0 0
9281 2172
6194 0
6065 6408
9683 6700
3406 0
1715 0
0 0
0 0
9014 6373
6810 0
8292 8214
0 0
3977 0
6347 0
0 0
0 0
8904 0
0 0
8010 9845
1349 0
5963 222
7006 0
5241 0
5293 0
0 0
3367 8760
601 0
232 0
4136 1115
0 0
7390 0
4975 9646
6506 7276
0 0
0 0
4151 0
0 0
3964 0
4740 0
0 0
3882 3833
1587 8915
6543 5043
0 0
7753 386
0 0
9590 0
239 0
7295 7182
6869 7004
6439 241
2437 849
8478 0
8770 0
7898 2610
6437 0
7214 5228
3267 0
0 0
9928 0
9462 0
0 0
0 0
6330 9527
3175 8989
0 0
229 0
4041 5973
8528 0
0 0
5392 0
0 0
4640 0
0 0
3293 3725
8771 5785
9393 0
8424 0
3088 3216
0 0
0 0
0 0
7503 9006
6343 0
2847 3741
0 0
132 0
8654 4976
0 0
4995 5622
9184 0
0 0
0 0
6765 5655
0 0
6401 0
3599 5794
2853 0
2197 0
8031 613
0 0
2439 1959
9715 1570
4929 2644
7540 8813
0 0
0 0
4584 5800
1573 6353
0 0
731 8720
0 0
1509 1504
0 0
2931 0
5207 0
8219 4002
9300 9701
8070 0
0 0
9295 0
7635 1726
0 0
4467 6911
2942 0
0 0
6847 0
8141 1481
778 6650
0 0
8230 0
1567 0
8576 6719
0 0
0 0
3746 0
8775 0
3134 9395
2738 1804
9861 2778
532 9112
9687 8527
4098 0
8586 0
0 0
0 0
7978 5136
0 0
0 0
7595 0
3562 1378
8117 8595
5992 0
3663 1711
8634 9851
0 0
0 0
0 0
0 0
0 0
0 0
0 0
7944 0
0 0
7725 1970
3327 913
3218 0
2723 7621
0 0
512 0
8194 9487
5502 0
4770 0
3829 8870
9195 8667
3288 1585
7728 0
7600 0
1363 4105
3133 0
8517 0
5670 0
0 0
0 0
8861 0
9269 2941
919 1070
0 0
4896 8980
6186 0
6537 3825
4044 0
0 0
3843 4308
9983 0
1313 0
2809 0
0 0
1682 0
4765 0
0 0
7389 0
6482 4921
0 0
9429 0
2939 7417
348 3147
1384 0
0 0
2453 2255
0 0
3362 0
2666 0
0 0
0 0
8689 0
9881 0
0 0
0 0
9774 0
3111 3485
8244 6919
1237 5272
2231 0
4589 0
1538 9891
7995 1118
6002 9535
1652 5729
0 0
0 0
0 0
8023 0
0 0
6737 1012
4613 0
5990 0
3885 2613
300 0
4724 0
8396 0
0 0
1926 0
575 9038
0 0
0 0
8330 2218
2150 7822
8710 3550
6938 0
0 0
5072 0
5143 3244
4452 0
0 0
4407 0
8780 3360
3039 0
6884 0
0 0
8874 9280
4827 653
9209 0
4904 1843
7023 1793
7968 8748
3052 0
0 0
0 0
3230 0
5127 9369
8462 0
0 0
1948 0
0 0
4498 0
6904 0
3019 3312
6099 0
0 0
0 0
0 0
9612 0
0 0
2602 0
6460 0
0 0
0 0
1009 0
0 0
0 0
3142 1867
4351 5038
9095 567
3434 0
2056 0
1486 0
0 0
8444 3397
863 7414
3181 37
4786 0
9024 8660
5497 0
3005 0
0 0
5440 0
0 0
0 0
8193 2321
511 0
891 0
0 0
2146 5611
6654 0
9352 3946
4068 3138
0 0
2120 4364
2248 0
0 0
5819 5116
0 0
3912 2720
7950 0
8683 0
110 0
0 0
0 0
311 8345
5087 2080
8062 0
543 5050
0 0
5315 0
0 0
0 0
960 0
3091 0
0 0
0 0
0 0
527 284
9414 0
3783 8986
6012 0
8082 8477
2249 0
5639 0
0 0
0 0
6609 0
9107 7673
0 0
8814 0
7707 6483
3462 3967
8128 2790
478 2318
3401 0
0 0
2257 492
0 0
0 0
0 0
2039 326
9979 1341
0 0
0 0
0 0
0 0
0 0
0 0
0 0
1589 0
0 0
9096 0
0 0
0 0
9863 0
4650 0
6618 4612
9802 0
0 0
405 5519
4073 0
0 0
0 0
8134 2863
8867 0
6558 6020
9347 0
5103 0
3308 2924
4600 5743
6399 7622
5999 0
7653 6137
3045 3642
0 0
8122 0
1131 0
9620 8340
0 0
9641 0
9693 0
594 2385
9668 9972
0 0
3179 1307
3960 7045
3044 0
6736 2388
187 0
0 0
7211 0
5645 9939
1721 0
0 0
0 0
7347 2785
7351 3236
4710 0
4482 0
988 7704
3827 0
4485 3595
4733 9131
0 0
0 0
9799 9899
0 0
4198 6950
5541 0
0 0
0 0
7971 5200
5343 6059
0 0
3224 7488
7399 3215
4766 6396
3955 0
3857 0
0 0
7552 776
9521 2977
3710 7073
0 0
0 0
3173 0
5410 7698
7799 0
0 0
2425 0
8645 2740
9303 0
7994 1953
9894 0
9952 0
7416 6318
0 0
3214 4655
8838 0
0 0
8087 0
9816 0
5165 0
6155 3800
3177 0
1346 0
705 5102
0 0
8940 6380
1495 7724
7991 0
5105 3351
0 0
0 0
0 0
3475 7375
7444 0
8423 0
4513 0
0 0
0 0
0 0
6389 0
0 0
1227 456
1391 0
6262 0
0 0
4628 5311
9074 5472
0 0
5713 9109
1068 0
6273 163
803 0
467 5935
0 0
7034 9836
0 0
7150 9403
359 9519
1484 0
0 0
8249 0
1902 3063
6994 506
0 0
3826 0
0 0
9468 0
4356 0
9651 0
9233 0
2428 0
0 0
1030 2570
9562 4163
9304 0
8220 0
0 0
1890 0
1460 0
0 0
8077 5847
7223 0
2607 0
0 0
3361 7577
4224 0
0 0
8927 826
0 0
3118 0
0 0
3297 5420
4754 0
9449 6084
0 0
0 0
0 0
5505 2982
6469 0
6988 3635
5398 6966
0 0
0 0
0 0
0 0
0 0
5929 0
2562 0
1110 0
9822 2839
4918 0
7257 0
9031 6005
0 0
5417 8786
0 0
0 0
0 0
0 0
9544 0
9159 0
9340 0
2897 0
0 0
8961 5413
4627 3891
0 0
4581 0
0 0
8674 9898
715 6835
678 0
772 7521
0 0
739 0
2221 0
9837 6068
8084 5254
314 0
0 0
9551 8868
0 0
0 0
8252 0
9858 1358
2081 0
0 0
3131 0
2345 0
0 0
8666 0
0 0
2166 0
7239 175
6179 5598
0 0
4522 4477
5779 2584
2406 0
0 0
6028 2912
0 0
5414 0
0 0
0 0
0 0
1051 9917
9909 1148
3200 8450
9751 7069
0 0
5498 9354
0 0
684 0
9283 7496
0 0
7120 0
0 0
0 0
0 0
0 0
697 0
3759 0
0 0
0 0
8823 1788
9575 98
2134 0
0 0
0 0
0 0
5606 7484
5638 3618
0 0
0 0
0 0
7116 7721
0 0
3610 0
5470 0
3823 4436
0 0
7828 806
0 0
3518 0
5361 0
0 0
7917 0
213 1680
0 0
3707 2779
3985 0
7746 0
4377 4702
0 0
2881 4803
7983 0
1264 8765
2985 0
518 0
5827 1278
4392 0
0 0
8616 7388
5835 8247
7798 0
0 0
9795 0
0 0
0 0
0 0
0 0
0 0
0 0
6975 2581
0 0
0 0
6151 1028
3588 7858
7313 7427
3425 3340
0 0
1075 0
6606 0
4846 5911
0 0
2491 0
2710 7696
9584 0
5189 9087
0 0
1864 0
7731 6672
8752 6815
8923 0
1063 0
5995 0
0 0
7747 4958
1975 7967
3499 0
1754 4382
3832 7075
9045 8703
6301 0
4432 4645
0 0
7424 0
3584 9827
1607 0
790 0
3667 9073
7337 0
6854 0
7196 7468
8954 0
7158 0
989 0
0 0
3750 2217
6123 9147
2286 0
9258 0
7178 0
921 8076
7205 3576
0 0
6603 0
0 0
0 0
9762 1162
1376 0
0 0
0 0
5128 9869
7434 8456
1340 0
0 0
6655 96
0 0
2623 5012
0 0
6594 0
2649 0
0 0
105 7194
0 0
3253 9725
9483 6415
0 0
2479 3199
7654 8119
5236 7294
1522 7476
0 0
1043 0
0 0
0 0
0 0
584 0
0 0
0 0
9788 1879
3271 6638
0 0
0 0
9012 7977
0 0
0 0
2661 1320
996 3752
0 0
0 0
1987 6710
0 0
4609 0
2281 0
3452 4821
4657 3020
5340 2243
3077 0
0 0
3944 4019
9183 0
1891 0
4932 0
0 0
6149 0
0 0
0 0
5010 656
6589 0
3971 0
0 0
0 0
0 0
8420 2962
5016 7103
3644 0
0 0
2774 7420
4529 304
1010 9224
708 0
0 0
8791 0
2895 0
4233 0
5529 0
2027 7228
7003 4684
481 0
9948 0
0 0
6322 8795
695 7275
9597 882
0 0
9818 0
6515 0
4230 8755
5777 0
4062 9173
2569 9378
2274 2443
7539 0
7524 2717
0 0
6797 3916
4925 0
0 0
0 0
0 0
2320 5603
453 0
3317 0
0 0
2305 2709
3742 0
164 0
4560 5443
0 0
3393 2142
9322 5145
1367 0
3582 0
2597 9965
1121 389
3924 0
5431 146
5355 0
393 7712
1516 8022
4155 0
1601 3453
0 0
8513 0
0 0
0 0
6442 0
8680 3129
8762 0
0 0
9188 2348
0 0
8573 6070
5205 0
0 0
0 0
1119 5546
6071 7969
6298 0
0 0
0 0
2659 0
0 0
6697 8997
858 0
8537 0
0 0
7517 0
3025 3801
0 0
0 0
3183 0
7814 9688
0 0
0 0
0 0
0 0
9383 0
0 0
8797 0
408 0
7770 0
7662 2838
7372 2927
0 0
479 639
9245 1194
0 0
7803 9722
0 0
0 0
2470 0
5950 6193
0 0
0 0
5883 0
0 0
0 0
3090 9868
3114 4036
0 0
2516 0
0 0
0 0
3240 0
7306 0
7247 9299
9669 8467
5807 6403
4040 0
9302 9593
8769 7842
6121 0
7460 0
8758 4255
0 0
8196 498
2092 9772
3139 4603
9923 0
0 0
8312 1831
5000 0
0 0
7036 0
7408 8695
8372 2196
8601 0
7957 1955
9179 1657
6915 4643
1860 0
6017 0
1786 0
5506 0
1255 6754
0 0
0 0
2789 0
264 1796
5352 0
6584 0
233 4150
6730 6073
0 0
4966 0
2441 5656
713 2362
0 0
0 0
6562 5594
0 0
0 0
0 0
8336 0
0 0
3492 4732
4204 0
6420 0
0 0
5723 0
0 0
3186 3437
2208 0
0 0
0 0
0 0
0 0
4812 7127
0 0
0 0
0 0
0 0
5226 8978
7504 728
0 0
1874 0
9995 277
0 0
786 821
0 0
7709 121
0 0
9660 0
0 0
9444 0
6846 0
0 0
9800 0
991 0
1065 1983
4933 0
3808 0
5971 4617
0 0
6999 9268
0 0
7138 0
4868 0
5030 1100
0 0
3049 8977
8908 4118
0 0
2076 3075
7620 6355
5574 8468
0 0
7841 0
0 0
1183 0
6086 6533
8801 2114
0 0
0 0
1245 0
0 0
0 0
8672 2099
2844 6728
6796 5006
6357 0
0 0
4456 0
8459 0
9904 0
1350 7007
3196 0
0 0
3010 0
0 0
6625 5060
0 0
0 0
7344 7206
556 4923
8794 0
6438 0
7906 0
6850 0
0 0
6378 0
0 0
6636 7907
1852 6270
1905 0
9840 3776
4862 5842
0 0
8826 0
4339 4232
0 0
4869 1141
6052 0
7777 0
0 0
9775 0
6691 8632
7190 0
0 0
2168 0
4892 0
5889 0
493 9826
6247 0
0 0
7820 0
9145 0
2828 6312
3600 7778
5496 0
8054 0
0 0
5576 8907
4536 6352
47 4832
0 0
8682 0
7171 4244
1572 0
1966 6092
4069 4881
8215 5811
0 0
4029 5965
0 0
1738 4082
8627 1505
3840 0
0 0
0 0
4979 0
0 0
9415 800
7418 0
1590 0
5074 0
3282 0
0 0
3233 0
4744 5366
2606 6326
0 0
3614 0
0 0
1025 0
7283 0
2821 6958
0 0
1417 0
2230 7134
0 0
5348 4034
0 0
6616 32
9000 0
0 0
9676 0
451 7415
0 0
5219 0
627 2832
0 0
0 0
1033 3619
818 0
2906 7141
0 0
6586 0
2117 3008
0 0
0 0
5680 0
0 0
0 0
5036 1216
797 485
1479 0
7739 3311
1978 7927
9953 0
0 0
0 0
7972 9037
7636 0
6192 6828
4737 154
0 0
1185 8887
256 5479
5057 9174
9964 0
3773 9097
5088 2034
0 0
172 9396
0 0
1463 1285
0 0
0 0
497 9086
39 2722
0 0
0 0
6509 2751
8437 0
1705 0
0 0
0 0
3636 3195
293 8288
8393 0
5679 8773
8596 0
3323 0
1512 7066
1882 0
7959 5658
2002 2964
2716 0
0 0
9144 0
0 0
2978 400
7053 0
4 0
0 0
4187 275
3061 174
0 0
6844 0
4634 6956
0 0
5308 0
494 0
0 0
6006 7000
9606 1532
6335 0
4325 3237
0 0
458 4877
7776 4401
6924 6004
0 0
0 0
5557 6621
2970 2631
6747 505
1008 6668
6645 859
4469 4680
5986 6299
9546 4610
8864 6406
8075 0
8506 0
7315 0
8753 7819
0 0
7641 0
0 0
5962 0
5162 0
4004 0
0 0
0 0
2412 0
5337 9792
0 0
8152 0
0 0
3264 0
0 0
9647 7545
0 0
2154 3570
8142 0
0 0
6027 7608
0 0
0 0
7818 0
7868 0
0 0
9127 0
0 0
4775 0
0 0
9455 0
9989 0
0 0
0 0
9290 4284
0 0
9661 5997
57 0
2201 8102
0 0
6051 299
0 0
2499 0
9229 4352
5554 0
0 0
0 0
0 0
0 0
0 0
7740 4574
0 0
3307 4251
4913 0
0 0
9970 0
0 0
4365 9889
5859 0
9999 0
0 0
2112 8301
5566 0
3380 4370
9929 0
6491 0
1026 0
8804 9180
1555 0
756 3999
8097 2618
0 0
0 0
2434 5369
3137 7526
8389 0
0 0
5444 5256
4172 3792
0 0
8882 5364
2077 0
0 0
3737 2233
0 0
0 0
9210 7044
6620 737
2067 0
0 0
3894 4269
355 0
468 0
0 0
0 0
7039 9111
6141 0
0 0
4463 4561
4811 6642
0 0
4977 0
0 0
0 0
0 0
8324 0
3033 8968
1157 0
4730 5274
4813 1951
0 0
4443 6022
9461 0
2932 0
5304 6647
1161 6145
0 0
0 0
0 0
0 0
8205 7218
4959 7717
0 0
5342 0
0 0
0 0
0 0
5975 0
0 0
0 0
0 0
3034 0
0 0
4273 0
6986 0
3246 1835
845 0
0 0
0 0
1420 2763
8713 0
4228 0
8191 3456
5041 0
0 0
2511 7680
2397 0
4458 5487
5878 0
5769 9765
3814 651
4285 7192
3953 8746
1693 0
1383 0
4208 3060
6325 1402
3849 0
429 0
0 0
1112 2546
0 0
3409 0
2332 3101
2730 2262
0 0
0 0
657 372
2654 7606
7912 0
5882 1598
3398 3448
0 0
3150 179
0 0
6540 0
3225 9484
855 4570
238 1549
3163 4956
140 0
0 0
2549 5290
1339 0
0 0
2391 9333
2951 95
2820 0
0 0
7787 0
8877 7715
8061 0
6718 0
546 358
0 0
6094 0
3412 8271
0 0
4715 0
2423 0
3011 4496
7293 0
7379 4897
687 0
0 0
7646 0
2560 727
0 0
7109 6734
4547 867
7741 0
9512 0
8738 0
0 0
0 0
0 0
5548 0
2324 1018
2118 0
0 0
6713 0
52 4429
0 0
3149 0
7796 2187
0 0
0 0
0 0
8592 3632
0 0
6868 8521
1099 5027
6699 0
3495 1889
6213 0
0 0
8235 0
9104 0
9324 0
0 0
9694 1089
5846 1449
7637 0
4249 2162
8841 9093
0 0
0 0
0 0
0 0
7159 0
3344 7050
0 0
6499 9787
7360 0
3784 0
8299 1765
4662 0
2988 0
5245 0
5866 0
541 0
0 0
0 0
0 0
4071 2256
8131 0
2363 0
686 8310
0 0
0 0
0 0
0 0
1179 2868
4110 2006
8560 1515
0 0
5694 0
8676 0
5542 0
4390 4602
9941 1174
1697 0
1615 0
0 0
2063 0
3065 0
2372 860
0 0
1821 2103
5035 9495
4564 1085
9892 0
0 0
0 0
0 0
0 0
255 5933
6058 0
1911 0
0 0
0 0
3191 0
9457 0
0 0
0 0
4514 9328
7471 6429
5080 7383
8621 2734
0 0
6211 0
1360 0
2394 0
0 0
0 0
9702 0
3135 0
2737 9463
3687 5850
5801 0
7240 8597
0 0
9866 0
4288 1679
741 0
7980 5273
0 0
6048 0
2261 0
4419 0
4283 0
0 0
8495 0
7629 6069
5960 8509
0 0
0 0
6791 0
9216 3942
7458 0
0 0
535 0
64 2523
6694 261
1618 6535
0 0
0 0
7999 0
1428 0
1044 0
9531 0
4003 552
3157 0
6250 2843
3329 0
2677 0
2628 4950
7145 0
0 0
0 0
0 0
0 0
5081 0
53 6804
3767 3496
692 0
5225 6266
0 0
10000 0
6890 0
0 0
0 0
3508 2159
3447 1698
4931 4298
999 5096
54 723
0 0
2748 0
4695 3856
0 0
8338 0
6927 0
7975 7070
1931 8993
8160 0
6822 0
0 0
0 0
1777 5094
6451 5229
7226 2980
3054 0
0 0
1595 367
0 0
9108 7713
0 0
0 0
2192 6398
9192 7580
150 0
6269 0
7290 4748
0 0
2158 6538
6751 0
8688 1127
5117 6851
4874 0
2842 5855
0 0
6732 0
1170 0
0 0
0 0
3834 5115
294 0
0 0
0 0
9667 1527
8325 1700
0 0
9875 0
7435 0
0 0
1440 9494
0 0
5070 0
9514 1289
6843 0
0 0
0 0
499 6129
5977 4538
3376 2786
6681 0
1863 592
0 0
5520 5194
1792 0
0 0
1763 8225
3972 5001
0 0
1766 0
8807 417
1471 570
7285 0
5624 0
545 1930
0 0
4663 0
0 0
884 0
0 0
0 0
9592 0
9238 7757
5515 0
4388 0
0 0
6696 9051
0 0
9278 3364
0 0
0 0
0 0
2022 2914
2694 0
6427 0
2983 0
0 0
7928 1594
4681 3850
0 0
0 0
0 0
564 0
871 761
0 0
7892 0
1052 0
6489 8033
0 0
0 0
7139 6991
0 0
0 0
1293 8659
1236 6484
0 0
4926 3112
144 6724
0 0
3998 0
8121 0
1916 0
2445 3684
835 1288
4843 0
0 0
0 0
0 0
5131 0
3263 0
0 0
6384 0
0 0
7880 3755
6967 2576
5727 0
0 0
1708 4279
7754 0
0 0
4719 1537
8162 9042
0 0
2293 4616
0 0
0 0
0 0
9935 0
7752 9424
1062 0
0 0
422 3639
9110 5669
4092 7862
1419 851
7234 7279
6555 1453
0 0
6287 0
0 0
8039 0
0 0
0 0
2091 0
7492 0
7761 753
631 4838
0 0
0 0
9706 0
9362 3528
5619 0
0 0
130 5559
6449 7102
914 0
760 5215
0 0
1325 0
0 0
1058 0
0 0
2214 7588
6417 8812
0 0
7448 259
1672 0
0 0
0 0
5108 0
3774 4188
4594 0
1217 0
9520 9925
0 0
0 0
7491 8965
3116 6385
3661 5333
0 0
1666 6514
5974 2139
0 0
0 0
3072 0
0 0
19 0
3226 0
0 0
7174 0
9689 0
0 0
9389 0
3862 2207
257 0
3524 0
0 0
5180 3306
9760 0
1977 9296
4270 0
1080 1799
7462 305
6716 0
9714 6346
3536 0
8157 4101
2282 6197
4117 1984
0 0
0 0
0 0
0 0
0 0
0 0
7883 60
0 0
4038 0
373 9912
1558 0
0 0
203 0
1241 0
1041 2333
8320 4360
1290 9056
0 0
2263 4928
0 0
5371 0
3745 6205
0 0
3433 0
5217 0
4408 2946
4638 5981
0 0
1151 0
1661 9079
3084 0
2211 4622
9030 0
7896 0
0 0
0 0
0 0
6680 5086
6632 1312
4326 0
6780 0
1671 1773
2323 660
3897 0
7490 699
0 0
7732 0
9994 0
0 0
1408 4767
911 0
6055 0
2753 8228
3294 2356
6864 7520
9902 0
3221 1833
6064 0
0 0
8040 0
7940 0
5221 0
0 0
0 0
4518 5203
7195 1734
0 0
5954 0
4557 0
2944 4000
980 0
6659 6166
9757 2264
0 0
0 0
0 0
0 0
7096 3628
3080 4601
6689 0
5054 4104
2700 0
1651 0
0 0
0 0
0 0
0 0
9653 3569
0 0
0 0
9282 9377
0 0
0 0
9524 472
0 0
0 0
3706 8789
4417 9049
202 0
0 0
8876 0
0 0
0 0
1102 4579
0 0
0 0
6613 0
4642 5949
0 0
0 0
8274 0
0 0
1642 9537
6242 7922
4679 5517
0 0
413 0
0 0
6522 0
181 0
0 0
1253 1138
89 0
0 0
2648 3816
0 0
5296 0
8059 0
2379 590
0 0
0 0
591 5898
382 9298
2190 0
7689 0
0 0
3086 0
0 0
0 0
0 0
5676 1180
2130 0
3094 7432
0 0
7381 0
0 0
1621 7501
7207 0
5742 4166
0 0
5329 0
1617 0
6998 155
896 0
5118 0
0 0
6848 0
1805 2041
9167 0
3925 0
0 0
221 2012
0 0
0 0
0 0
6604 0
0 0
3491 0
0 0
8227 0
0 0
6601 5503
4449 2352
6405 7369
6189 6942
8304 0
2203 0
0 0
0 0
986 9502
0 0
0 0
0 0
0 0
530 0
0 0
2319 0
0 0
1168 0
4651 6807
1588 979
7719 5791
0 0
0 0
6183 6808
5374 599
6388 7956
260 0
666 9727
3521 0
0 0
394 0
6230 5568
9856 9740
6652 9854
6248 0
4310 4842
0 0
7855 0
4709 6968
5056 0
5234 0
5763 1745
0 0
1790 5494
0 0
8479 2529
8700 0
8679 1542
3291 7864
9536 2813
3148 3098
5581 0
0 0
0 0
0 0
448 0
3591 9277
0 0
303 1447
6095 9338
7547 890
6702 0
6376 0
5490 1611
1196 2858
0 0
7453 7478
2695 0
6801 0
5636 7085
1203 4526
0 0
8939 0
2484 7098
6314 0
5863 8314
617 1633
7515 5538
873 0
0 0
9307 7954
5906 1442
2083 0
735 0
0 0
4197 7872
9918 8034
6744 0
4462 8006
166 8857
8854 0
8819 5399
839 0
0 0
0 0
4018 0
0 0
7734 0
4546 0
503 8883
0 0
227 9474
677 0
9553 6715
6421 0
268 2522
0 0
9820 0
0 0
0 0
7026 6279
0 0
9316 4363
0 0
8187 0
0 0
1634 5634
8337 7990
2880 0
1964 0
9018 0
8118 0
1238 0
2160 9712
6000 0
0 0
5138 0
4942 0
2860 0
0 0
9977 0
3578 0
0 0
0 0
9351 2401
0 0
1390 0
6688 0
335 9890
2171 8269
8912 1368
7985 0
0 0
0 0
4295 2829
0 0
8817 1895
1450 0
9294 0
5563 8046
0 0
8847 1333
0 0
2802 6517
1055 9199
6608 7129
1967 5512
0 0
7714 1908
9485 0
0 0
0 0
525 0
77 0
9843 0
9938 0
3571 0
0 0
431 0
6397 0
4178 8309
3182 0
6013 5551
1690 3207
7094 8653
4143 0
8662 0
9643 0
9530 3674
7224 5147
0 0
8364 2556
8328 0
0 0
0 0
3192 176
0 0
8511 1896
0 0
8633 9603
0 0
607 2782
5058 6161
410 0
0 0
9067 9633
4012 5816
0 0
0 0
457 5422
0 0
3940 1129
0 0
4553 0
9009 0
6170 0
1438 0
0 0
5893 0
247 4889
2009 2374
0 0
6524 5715
7392 0
4951 0
7325 8941
4350 0
6195 0
8428 0
3498 6776
1176 1972
0 0
9969 0
7726 0
0 0
0 0
4433 0
0 0
8991 5046
3276 0
0 0
2058 0
1326 0
4993 0
491 1403
0 0
3736 1848
4911 4927
0 0
5485 0
0 0
1054 0
9102 8917
946 2452
874 3379
4606 4945
9138 0
0 0
0 0
0 0
4329 3466
8898 0
8067 0
5278 8816
6592 6320
5757 0
40 0
0 0
955 0
9380 0
1695 8058
1123 0
5387 0
7 1271
8406 4633
8103 0
0 0
4398 5179
1077 0
0 0
5218 0
2550 6666
6285 781
0 0
0 0
6794 0
8044 1503
0 0
1569 6093
3423 3477
4586 0
0 0
473 4797
7459 9359
0 0
0 0
743 0
0 0
0 0
0 0
1344 8005
4353 8245
557 5870
6898 1328
0 0
0 0
2109 6591
0 0
43 0
1279 6207
8613 0
339 4948
0 0
6903 6658
7349 8831
0 0
8543 7394
1562 6074
0 0
4563 0
0 0
1520 0
3768 4736
2928 0
27 0
0 0
0 0
4211 0
0 0
8415 0
6098 0
6163 4299
8305 9900
6350 597
0 0
2876 123
7014 6178
0 0
0 0
0 0
5473 3651
2715 0
0 0
0 0
4761 0
0 0
0 0
1995 0
5101 307
1260 0
6206 0
0 0
5516 0
0 0
8361 1767
3313 0
9815 5319
0 0
897 0
0 0
0 0
0 0
1265 7472
7931 6526
3837 0
6359 0
0 0
1870 0
0 0
4873 0
9998 0
0 0
3023 0
0 0
7413 388
0 0
0 0
3872 0
0 0
5661 197
8924 7550
7743 0
337 461
2224 6882
142 0
0 0
0 0
5825 0
7213 0
0 0
0 0
5462 0
1919 2645
4771 380
270 7955
0 0
0 0
0 0
9386 3210
0 0
773 0
2236 0
0 0
0 0
6038 5621
5817 0
2010 7509
100 0
5190 0
8822 0
7473 0
0 0
0 0
0 0
8591 0
8929 0
0 0
7988 0
5167 1144
7886 3449
1528 0
9552 3533
0 0
6333 0
8678 4135
5379 0
0 0
1405 0
0 0
6409 7839
0 0
0 0
63 0
5458 1352
7699 1273
0 0
0 0
1286 0
0 0
0 0
0 0
0 0
1049 0
1034 0
3007 0
6731 0
8832 0
0 0
9533 7242
910 0
5467 0
2035 0
6630 8329
0 0
6528 0
0 0
6941 0
8743 0
2064 0
9242 0
0 0
2106 0
1206 214
9215 0
0 0
0 0
0 0
0 0
1648 2165
0 0
0 0
0 0
0 0
7949 0
4428 1731
9525 189
0 0
3749 0
0 0
5034 6635
116 0
6993 3427
0 0
5202 7581
2966 0
9508 1839
9677 6395
6443 2994
3559 6758
0 0
4483 0
7765 7485
1932 0
1456 8975
1269 6957
5446 0
0 0
9963 0
1780 24
0 0
2198 0
3718 8860
8712 0
1060 0
0 0
1853 0
0 0
9611 0
5123 0
7172 3565
8182 7965
9684 3815
0 0
9011 0
8516 463
4879 0
2113 783
1375 6948
7502 5048
712 0
7322 6721
425 6841
8652 5948
0 0
598 0
7437 7010
1747 350
4648 0
0 0
1979 0
8729 0
6466 0
0 0
9453 0
4746 0
4969 3655
4902 4967
4840 0
6571 1990
0 0
1096 0
1563 7557
1491 0
7236 8323
0 0
0 0
8973 6077
4301 0
5334 225
7320 0
2595 0
0 0
5233 0
0 0
0 0
2605 0
4014 4046
0 0
6881 1322
5029 8018
0 0
1416 8407
5122 157
0 0
5605 0
795 2311
9186 0
0 0
0 0
3596 8284
0 0
343 0
8987 205
9436 5172
0 0
2399 1575
278 6428
0 0
0 0
8017 8078
0 0
0 0
6698 2901
4489 3787
0 0
9708 3605
0 0
947 0
4481 8550
7903 0
0 0
0 0
0 0
6712 3001
0 0
0 0
4366 0
5424 7111
0 0
0 0
0 0
0 0
0 0
0 0
751 8381
7644 9501
0 0
0 0
5711 8641
2857 4714
7091 0
5836 0
0 0
7083 1991
0 0
0 0
0 0
1507 0
0 0
5320 0
9480 6878
4880 6961
0 0
0 0
3592 0
0 0
0 0
0 0
6432 0
0 0
3315 6426
7345 615
0 0
4672 7823
3552 4460
0 0
7624 6552
0 0
0 0
2925 8734
3945 86
7556 2329
0 0
0 0
0 0
2467 1072
4726 0
3645 0
0 0
4333 0
0 0
0 0
0 0
9365 3760
6891 0
7099 5716
0 0
0 0
7208 0
3551 0
4653 6987
0 0
0 0
0 0
8073 0
0 0
3839 3275
0 0
3694 3153
2758 0
5804 2373
4231 0
0 0
5988 8405
0 0
8828 4416
7525 0
2567 0
5061 0
3637 0
8970 0
7768 9177
0 0
8799 0
2498 5106
0 0
0 0
3892 0
7878 0
4998 5987
0 0
0 0
5951 0
3281 0
747 0
7809 0
1039 3890
0 0
9850 0
5802 7737
71 0
4939 2178
0 0
2559 2125
9685 0
0 0
558 0
306 9975
4264 1294
9958 4952
0 0
0 0
3714 0
8008 439
593 3732
9655 0
4723 231
5957 0
9239 0
184 246
0 0
0 0
107 7507
228 0
0 0
8624 0
3405 0
1873 3831
0 0
2967 9208
6761 0
5130 0
2806 7423
3896 3567
0 0
0 0
0 0
0 0
0 0
0 0
822 7215
0 0
1284 0
4661 0
5809 0
3727 8810
0 0
2330 0
0 0
6756 0
3638 2865
6471 8199
0 0
0 0
7705 0
0 0
0 0
7782 7220
2878 0
0 0
0 0
9498 4266
1760 3842
689 2856
0 0
0 0
3416 8582
0 0
2875 5664
0 0
0 0
0 0
0 0
7826 8790
5353 1228
6665 0
3696 5592
9187 3387
2279 5841
6709 3844
4344 7605
5731 9670
4189 732
0 0
6770 0
8265 0
4535 2891
5344 0
4223 0
4220 7080
2544 3420
0 0
1550 129
9949 9505
6319 2920
6237 2045
652 8529
5213 319
2107 6140
9517 8154
0 0
0 0
14 0
0 0
0 0
4142 3947
0 0
4978 0
0 0
9936 5993
679 0
661 0
4708 0
5747 0
9279 2457
2023 5231
0 0
3976 6759
0 0
0 0
0 0
676 5813
6096 0
0 0
3848 5862
7106 0
3184 0
1968 3733
8522 0
8221 9916
0 0
0 0
586 4144
5005 1922
8049 0
6342 9962
4089 7650
0 0
2596 0
3867 2769
1597 8150
0 0
5857 5717
7938 7278
0 0
6639 0
0 0
3493 3530
3703 0
0 0
0 0
0 0
0 0
9135 115
9860 0
0 0
9734 0
5887 0
1735 1878
2128 0
0 0
7312 5593
5772 0
847 3119
4895 5140
0 0
8170 0
0 0
1877 6139
0 0
8047 0
0 0
9289 4016
752 8974
7352 7376
200 0
658 7121
3568 0
8880 0
7391 3024
0 0
7846 0
962 5433
0 0
5904 0
0 0
8881 9550
1702 5544
0 0
94 0
0 0
7272 738
792 0
7009 0
0 0
3203 7769
3490 9561
0 0
2273 3254
0 0
0 0
2923 0
0 0
4025 1038
7939 0
0 0
983 5351
0 0
9848 0
219 0
0 0
0 0
9581 0
8475 4137
7908 6588
8757 0
0 0
3656 4466
0 0
0 0
1209 0
0 0
2961 831
0 0
9356 0
0 0
669 0
8300 0
0 0
0 0
0 0
0 0
0 0
0 0
7937 1965
8541 5306
0 0
5685 7255
8418 9629
1717 0
0 0
0 0
0 0
0 0
0 0
0 0
0 0
266 4718
5146 9614
0 0
0 0
0 0
0 0
0 0
9246 0
2133 0
0 0
0 0
1126 0
0 0
1783 0
0 0
2296 0
0 0
4247 0
9254 3107
4394 7851
8192 0
0 0
4937 8489
0 0
9763 0
68 904
0 0
9158 0
4203 0
217 0
0 0
1545 0
8473 8829
0 0
0 0
1605 0
4556 0
1409 2646
0 0
7132 8356
8390 2089
0 0
2719 0
7191 0
0 0
9410 0
7273 0
1641 5721
6633 6865
0 0
1385 4528
2831 0
0 0
7284 0
2238 9847
0 0
1488 0
0 0
0 0
7362 2571
0 0
4337 934
0 0
0 0
128 0
8510 1530
0 0
1801 2164
4257 0
161 0
0 0
273 0
4405 0
5149 0
5543 0
0 0
9237 0
504 0
2658 8808
0 0
0 0
2314 0
376 8998
5806 0
0 0
0 0
8399 0
7763 0
1997 4096
6937 0
0 0
0 0
9680 0
5955 0
5246 6075
9780 6329
9286 4248
1298 0
8484 4727
7639 1923
0 0
4666 7436
1213 0
3087 2347
2367 8294
7463 0
1626 0
0 0
6795 0
0 0
5620 251
1441 7510
3918 8684
0 0
3606 5884
1813 0
0 0
3266 0
5854 0
9743 548
0 0
5212 0
794 693
0 0
8767 6208
4791 0
9171 3683
0 0
0 0
0 0
6321 2947
8878 0
7057 162
0 0
1413 7979
7700 0
0 0
0 0
1050 0
2087 6872
4806 2121
9092 1640
0 0
1393 1235
6435 9007
2510 9756
7535 0
3165 0
1147 2234
4461 0
5976 8283
0 0
0 0
1514 8089
5852 0
0 0
8697 0
0 0
0 0
0 0
0 0
3474 9004
0 0
1707 3417
4457 6351
7630 0
5720 3247
4639 0
7361 4527
1181 8623
6054 6067
5934 0
1306 0
0 0
6793 0
4465 101
0 0
6289 0
2487 0
0 0
0 0
0 0
0 0
0 0
0 0
9859 1029
0 0
6290 0
6871 8637
7298 2290
0 0
0 0
7140 0
7082 2075
9682 3220
0 0
0 0
4421 0
0 0
0 0
0 0
6349 9791
0 0
4328 2746
5460 0
0 0
2418 9982
0 0
0 0
0 0
2268 0
3473 3607
6782 0
5828 0
1553 9052
438 0
975 0
9750 0
3438 0
5901 0
3455 8772
0 0
1303 0
7329 0
1875 0
2365 1111
4747 0
7566 8341
0 0
6916 0
1032 0
3357 0
4549 5848
9921 0
529 2854
1483 265
6842 0
0 0
4021 6436
0 0
0 0
6253 3531
1582 0
1256 0
9576 1302
9492 0
823 7551
8547 0
269 0
1153 9749
5441 0
807 0
0 0
0 0
0 0
0 0
9048 0
720 6101
0 0
0 0
7464 2565
5591 0
4703 4474
2129 0
5427 0
0 0
0 0
3300 5909
704 9384
0 0
9152 5697
3067 6763
5471 0
5918 0
0 0
3440 0
0 0
9264 0
9176 1105
0 0
7193 6235
0 0
0 0
366 0
0 0
8750 0
0 0
7645 9807
7789 3790
5429 0
0 0
8606 0
6949 0
0 0
3811 0
466 0
4944 0
5705 0
7334 1716
3678 0
0 0
4431 1462
0 0
0 0
0 0
5826 0
8749 3692
7493 0
0 0
5316 0
3185 0
3505 0
7824 7989
5539 244
0 0
3404 0
5469 903
5484 9301
6935 0
0 0
9101 0
0 0
2752 6661
0 0
8728 6663
4989 0
0 0
5829 0
2085 3068
4796 5491
8833 0
5011 0
0 0
9914 6534
7264 7081
0 0
9920 0
9639 0
4983 852
378 0
0 0
7561 0
2456 0
969 608
6875 1949
4216 0
2300 0
9345 2671
0 0
7231 8919
937 5915
9610 9927
8818 0
4430 8053
0 0
6641 0
0 0
0 0
7355 0
0 0
3525 8525
0 0
5488 0
3012 0
0 0
6317 0
1847 0
4168 0
7237 0
5083 2459
65 0
5590 0
0 0
0 0
8481 0
5881 0
0 0
8057 7733
0 0
2421 0
2731 8744
379 0
2687 0
6214 0
7751 2468
0 0
0 0
0 0
0 0
90 9425
0 0
2542 0
1724 0
0 0
9988 540
7943 3532
1828 0
2533 0
5609 0
4572 1610
7672 1458
2355 7455
9450 4894
0 0
29 8391
0 0
9120 7845
0 0
9166 5755
0 0
8888 5196
0 0
8380 0
1814 0
4103 901
6241 4777
0 0
1311 2396
5650 621
9662 0
5240 0
4272 3734
0 0
0 0
0 0
0 0
0 0
3198 0
9996 0
4006 2819
55 2485
0 0
0 0
0 0
614 6147
0 0
1581 0
5175 0
7311 0
0 0
0 0
6781 0
8858 2267
865 0
9213 902
2052 0
4620 7156
0 0
2805 0
8183 0
2505 0
111 2410
1858 0
0 0
8461 0
6292 542
2867 3359
4212 1762
8419 3926
9060 0
9027 2474
6364 3560
8959 0
6088 0
0 0
7730 6845
2169 4165
9122 5558
0 0
0 0
0 0
0 0
0 0
3873 1815
449 0
0 0
7953 6886
1746 6826
5797 7269
6743 8863
7336 0
6362 0
0 0
6557 0
0 0
7017 0
0 0
2675 0
3974 0
3332 0
6692 9205
0 0
5120 0
8055 9804
7500 5309
4757 4660
0 0
2460 0
5052 3870
9499 2465
9250 0
1630 0
6605 0
0 0
0 0
0 0
6011 0
6448 0
0 0
5321 1244
0 0
0 0
0 0
7456 5265
0 0
1493 0
7599 0
2871 7243
0 0
1775 0
0 0
1855 7494
4670 4149
0 0
78 0
6812 974
3053 2674
857 0
6615 9412
0 0
2890 1263
6520 0
6983 5831
5646 0
0 0
0 0
0 0
6044 4434
74 0
0 0
808 9906
4276 0
6377 0
0 0
8979 0
8275 0
2021 0
5363 0
4028 7677
2020 8147
9719 9616
3555 6849
0 0
0 0
0 0
8726 0
0 0
2874 6300
0 0
7005 3969
6131 1292
0 0
9181 6863
1501 0
1071 0
0 0
1941 7046
0 0
0 0
6277 0
289 5412
8559 3338
3920 9015
9580 9041
9064 0
9005 0
4075 8233
180 2503
5834 7366
0 0
1900 9871
3608 0
1020 2057
0 0
0 0
7802 3460
2488 7628
5746 8279
6981 1907
8875 9607
3385 0
0 0
0 0
1704 6750
8871 4222
0 0
707 0
4833 3941
1433 1189
6419 283
0 0
0 0
6313 0
2446 0
0 0
0 0
2066 0
6693 9019
0 0
6590 0
0 0
2652 7884
8918 4916
8545 7925
5270 3093
4865 5438
0 0
4373 5068
0 0
4915 0
1819 0
7788 0
7516 5903
0 0
9767 0
0 0
2520 3132
0 0
0 0
0 0
0 0
0 0
7951 0
0 0
3821 8785
0 0
1230 1885
5071 1296
0 0
0 0
0 0
169 0
1108 6873
0 0
0 0
0 0
3943 0
0 0
462 0
2578 8723
0 0
6567 7738
0 0
0 0
6778 9835
0 0
3819 1533
0 0
8585 895
1945 9405
6769 9645
1184 0
2712 0
0 0
1353 5271
8371 0
2630 3298
1998 0
2448 0
484 7598
2855 0
9231 7634
7623 5421
0 0
18 1606
460 9931
5601 0
0 0
5623 1794
6811 3670
3027 0
559 0
2228 0
0 0
9337 9855
8359 0
2872 0
767 8202
9769 2042
0 0
0 0
8401 4590
5985 3621
0 0
8638 0
0 0
0 0
0 0
0 0
5267 0
0 0
0 0
4367 9819
4278 0
3056 0
0 0
6542 9915
3117 2216
2395 5744
0 0
0 0
1259 5253
1436 0
0 0
2793 0
4234 0
9956 0
3057 8346
8151 1806
0 0
1406 0
6105 4852
3515 0
0 0
1521 0
9058 2471
35 3852
0 0
1444 0
8204 4084
9068 0
7541 0
1906 0
1371 3403
0 0
0 0
2054 0
7584 5750
4739 5183
3809 0
7685 0
0 0
9141 4289
3038 6446
0 0
0 0
3458 500
0 0
0 0
7319 0
6485 9081
6596 0
9418 1935
0 0
0 0
8942 4735
8716 0
0 0
0 0
2062 0
0 0
3120 8375
0 0
6947 0
0 0
8594 0
0 0
0 0
0 0
2024 2915
6135 0
4393 0
7780 0
8490 8042
9933 0
4227 0
41 0
2180 8859
5938 6470
3541 2757
6945 1914
7317 0
7916 1653
0 0
1785 0
5504 0
7779 8835
0 0
6995 0
0 0
1095 0
9768 5407
6479 8852
2147 0
177 0
4886 8692
7816 7948
5587 9674
6611 7668
4851 0
0 0
1210 0
104 8307
0 0
4294 4861
0 0
7578 0
0 0
0 0
0 0
0 0
4973 0
7119 7631
8982 2893
0 0
0 0
0 0
0 0
0 0
9459 5940
4596 9624
9249 0
0 0
0 0
0 0
5239 9330
0 0
6922 0
0 0
5025 2186
0 0
2647 0
4186 9698
2432 4582
0 0
5799 3990
5812 0
9540 0
0 0
0 0
6455 0
0 0
3104 9555
0 0
0 0
0 0
620 295
3377 0
3803 2812
0 0
3296 8943
0 0
2714 8161
9326 0
0 0
0 0
0 0
3641 9808
4170 3743
3612 7021
0 0
0 0
0 0
8884 4728
2493 4386
2552 526
510 9381
4614 4502
4007 0
9711 2011
4866 0
0 0
6144 0
3277 4700
0 0
789 9118
0 0
9355 0
1024 0
8255 9885
0 0
0 0
5500 8426
5436 0
9013 365
0 0
0 0
0 0
8037 4804
0 0
3564 0
0 0
3779 0
2222 0
5159 0
0 0
725 7793
5595 7151
2167 0
2059 3671
6827 3445
0 0
7837 5582
0 0
3050 6276
1410 1603
7701 148
0 0
3812 0
0 0
5442 0
3700 0
9926 0
0 0
6580 8845
1535 0
0 0
1475 0
3981 1740
8218 0
9417 0
9640 0
1159 0
7647 0
4472 0
2454 5395
0 0
62 0
0 0
8394 8869
0 0
0 0
6072 0
4123 336
6832 6404
5928 0
1559 7518
0 0
0 0
2678 0
0 0
0 0
0 0
1359 8934
2283 0
210 6502
0 0
605 1954
2572 0
3223 0
0 0
6858 0
0 0
2548 0
2251 5452
2482 4701
3899 0
0 0
454 0
0 0
0 0
8701 3643
5021 2317
0 0
0 0
1146 0
1048 0
5937 0
5787 5039
7037 7350
6414 0
0 0
6441 2223
8172 6109
2690 9057
8681 0
424 0
5774 3577
0 0
6953 924
9733 7250
0 0
7869 3611
688 1632
8916 3467
0 0
3672 0
8355 4974
0 0
0 0
0 0
8996 5391
0 0
0 0
8036 0
4372 4256
2408 0
9538 0
83 5390
0 0
6799 8911
0 0
5784 0
5004 0
9716 0
0 0
4836 8856
0 0
9771 2199
502 0
0 0
1003 3140
9270 0
0 0
0 0
0 0
3096 0
8953 8270
0 0
0 0
0 0
2472 1171
0 0
0 0
0 0
0 0
10 0
0 0
8593 0
0 0
0 0
1668 2665
5932 3174
0 0
0 0
625 0
7210 0
9534 1628
6216 0
0 0
8458 0
427 8569
8178 3986
0 0
9203 0
7716 2469
0 0
0 0
5600 3529
1343 8000
1128 8470
6574 0
1314 240
0 0
9985 8282
3728 2998
883 5968
6112 7930
0 0
0 0
9564 0
3548 1810
8331 0
5280 0
9648 0
0 0
0 0
9879 5560
0 0
0 0
0 0
0 0
7905 0
7035 0
0 0
2537 1316
0 0
0 0
0 0
88 0
0 0
0 0
0 0
8548 0
1656 0
9986 0
5980 0
0 0
0 0
6233 0
0 0
7131 0
0 0
4037 0
3798 0
2148 3278
9464 7710
0 0
8669 0
1565 5394
9385 0
4441 6717
1996 6110
2670 7090
6047 0
7849 0
9619 0
0 0
7358 7863
0 0
0 0
2557 0
9543 6146
2681 3820
0 0
2189 0
212 9864
0 0
0 0
5104 5604
6593 0
0 0
5618 7071
4885 7571
5137 8012
0 0
1981 1936
0 0
0 0
8735 320
1872 0
7813 0
0 0
2679 4112
5258 0
0 0
5396 4154
0 0
701 9754
1646 0
0 0
0 0
0 0
0 0
0 0
9211 0
7187 0
8722 8446
0 0
4562 1958
7012 0
0 0
0 0
0 0
0 0
3383 0
0 0
1137 5865
0 0
0 0
6928 4442
4238 6097
7958 4635
3028 0
3721 0
2030 0
0 0
1681 0
0 0
0 0
79 0
8783 0
0 0
1820 9439
3609 2215
7759 3931
0 0
0 0
4479 5945
0 0
0 0
0 0
0 0
6224 6563
2135 2771
1006 0
7292 9165
0 0
2525 8024
8588 3442
15 6219
3187 0
8229 0
0 0
0 0
0 0
0 0
0 0
3980 3069
9600 2291
0 0
9470 0
0 0
8410 3482
6157 4058
0 0
9785 0
9490 4334
8872 0
3765 5528
9202 696
507 0
5710 1045
1659 6764
4468 0
1917 8781
9793 0
0 0
3778 0
6893 3796
8704 0
1824 1859
0 0
0 0
0 0
8636 4760
0 0
0 0
6704 9409
3761 5195
0 0
0 0
2357 0
9637 5555
1625 9390
2903 7483
1432 1912
7401 1673
9263 2153
7881 0
1723 0
0 0
8029 2718
0 0
0 0
4659 3389
6792 8352
0 0
0 0
0 0
0 0
7537 0
0 0
1480 1287
6805 5499
253 0
4126 2393
170 0
9010 0
9003 0
2137 7900
6735 0
9924 69
6985 0
3594 3775
5418 2209
2960 6138
3680 2530
7410 1143
0 0
774 9777
885 0
45 4490
6462 928
487 0
0 0
1229 813
4091 9832
1637 2797
0 0
0 0
7703 0
1925 0
7684 0
4920 0
1023 0
7164 7113
0 0
2907 0
6500 1167
5778 3693
6015 223
0 0
0 0
0 0
9379 0
3927 0
7271 0
0 0
3381 3073
6034 0
9397 0
243 0
272 230
7353 0
0 0
8834 2513
7573 0
6407 5447
0 0
0 0
0 0
4519 6480
3097 0
7805 0
0 0
267 0
7663 0
0 0
0 0
204 0
0 0
7694 0
3396 0
3933 0
3951 0
2458 0
0 0
6505 959
4707 6424
0 0
312 5400
7688 7384
9332 8504
0 0
7585 0
0 0
0 0
0 0
13 2531
0 0
8071 8766
3286 4888
1529 7555
9400 8402
5468 1654
0 0
1969 0
341 7708
4985 0
3754 954
4687 4963
0 0
0 0
0 0
0 0
4495 0
4685 3461
0 0
8366 0
2405 8610
9194 1980
9770 0
7469 0
2824 6422
7328 0
4534 0
5362 8030
3781 2380
0 0
0 0
6411 9705
0 0
0 0
0 0
26 5277
0 0
7163 0
3795 0
574 7022
2905 0
1811 1242
0 0
0 0
5970 6677
7658 0
0 0
2494 7920
3303 9217
5224 9718
6745 5782
0 0
8176 0
2713 1784
4260 2490
0 0
0 0
0 0
8776 8990
0 0
7296 0
8145 0
7253 0
0 0
3590 0
1759 5121
0 0
9652 7043
9554 7882
6575 7681
8155 0
2145 0
2088 3318
3553 0
9825 8964
0 0
0 0
2422 8344
0 0
0 0
0 0
0 0
6148 0
1547 8984
9440 0
0 0
8101 0
0 0
6664 8709
3640 5033
9123 5198
5596 6431
0 0
642 2956
0 0
0 0
6821 8626
2506 1851
7061 0
1116 8751
0 0
9626 0
8542 0
9339 8241
7042 8496
3180 1534
9605 0
0 0
1807 6014
0 0
0 0
7857 0
8620 7254
8035 0
0 0
1778 8298
3657 7267
4385 6965
5533 8850
1280 9113
0 0
610 0
7025 0
9630 0
850 0
0 0
0 0
5814 4936
0 0
0 0
0 0
5466 9163
0 0
8731 395
0 0
6039 3386
0 0
0 0
0 0
1703 0
2144 3662
1124 3106
6291 0
876 356
0 0
0 0
4074 0
6171 7549
3542 3720
7143 951
3704 0
0 0
1120 0
6176 1557
8966 4507
0 0
97 496
6114 0
1774 7911
0 0
3673 0
0 0
0 0
0 0
5393 0
3585 9831
0 0
6561 0
1097 7368
8222 0
122 0
0 0
0 0
7244 2622
1114 0
7245 4193
1769 0
7327 7265
9811 0
0 0
0 0
2442 0
9035 0
0 0
3958 3724
5435 0
5712 4857
9720 6080
0 0
3363 8628
0 0
0 0
7450 3326
0 0
258 0
160 0
8848 7412
6934 0
6936 3543
131 8303
5861 0
3968 0
3189 0
6153 8590
3581 0
2419 9887
0 0
0 0
8412 331
0 0
1249 0
1544 0
0 0
1499 6167
8166 0
8095 0
327 0
8126 7626
4215 1722
0 0
4729 5111
0 0
5686 7146
0 0
7527 0
9143 3031
8382 0
0 0
8464 5571
2225 0
0 0
0 0
7791 801
0 0
0 0
3908 1619
6523 0
2756 2794
8657 0
0 0
9392 0
3436 7291
0 0
1963 915
0 0
0 0
3566 9755
4890 0
0 0
768 0
2455 3785
9663 0
0 0
5170 0
0 0
4140 6820
6529 249
5764 7833
3424 5177
0 0
1816 6755
6880 0
819 0
0 0
0 0
0 0
4121 0
9091 0
0 0
0 0
8782 5896
0 0
0 0
6257 0
5926 0
5181 3029
4787 3509
5693 0
0 0
7204 0
3719 8779
0 0
0 0
7528 2633
7133 634
0 0
9204 6251
9782 4830
7404 0
1275 4087
8675 1620
6740 3301
0 0
0 0
0 0
3121 0
9272 8004
0 0
3987 9185
5920 0
0 0
0 0
6158 0
0 0
5178 923
8815 7942
8658 1040
0 0
4819 0
4583 8273
4133 7786
0 0
4414 0
0 0
383 877
3583 0
0 0
0 0
0 0
0 0
0 0
7363 0
2073 0
0 0
9312 143
0 0
9950 9305
9830 3209
0 0
1274 0
0 0
7309 0
8491 0
5867 2708
0 0
4196 3988
1986 0
844 0
744 3573
0 0
2360 935
7431 4706
5356 0
0 0
2051 0
3126 3631
0 0
0 0
0 0
8198 0
8432 7894
4717 0
2514 3430
0 0
0 0
2733 5210
2358 0
7095 0
2424 1309
0 0
3504 812
0 0
0 0
6773 0
8261 0
7762 0
0 0
7607 0
7866 0
1613 0
6227 316
0 0
404 3824
0 0
0 0
0 0
0 0
464 1262
9442 9117
6393 9934
0 0
2368 0
0 0
0 0
7100 1822
5923 0
2307 0
0 0
2877 0
2900 817
8930 5837
4692 8163
0 0
2036 3331
6980 0
0 0
3854 2673
0 0
0 0
4954 0
0 0
0 0
7560 446
8200 8334
0 0
9886 0
9973 0
8561 5939
285 4184
4853 5649
5722 0
0 0
1764 7421
0 0
61 3004
1989 0
0 0
5708 0
3847 0
7687 4691
5026 3074
9728 0
9089 7565
0 0
8551 2801
1454 4994
6029 5242
501 2364
0 0
7346 7745
0 0
0 0
9360 6695
0 0
0 0
4100 0
361 5483
544 9713
0 0
0 0
0 0
5375 4008
2475 7625
0 0
4909 5530
0 0
0 0
7040 6045
0 0
6973 0
7495 9040
2749 3347
0 0
0 0
1059 0
8663 0
0 0
4147 0
344 1145
0 0
0 0
4134 1109
5659 0
0 0
7270 5252
0 0
7642 0
2477 0
846 0
7945 0
0 0
8846 2830
3356 0
1057 2277
0 0
0 0
3822 6468
9654 2950
0 0
1743 0
7173 3653
7028 0
4996 2254
0 0
9466 0
0 0
0 0
3526 0
9094 0
1546 0
8208 482
6876 1468
9276 1655
0 0
4355 0
5508 6733
0 0
1950 0
0 0
5380 9809
0 0
0 0
0 0
0 0
9631 2953
4912 0
0 0
3273 7175
0 0
7357 0
0 0
0 0
0 0
5133 5979
2205 2669
0 0
8630 0
3723 8793
1135 7256
889 7077
0 0
1742 7853
6690 0
7180 0
7665 0
3506 0
0 0
5089 724
8413 0
0 0
4839 0
0 0
8733 8431
8384 0
6800 0
0 0
0 0
0 0
5869 8125
0 0
4721 6918
2976 0
4935 3545
6600 6345
0 0
6261 6612
522 782
0 0
8944 899
629 2971
5741 0
2414 2315
2913 3630
4153 5703
9937 8531
0 0
0 0
0 0
3772 0
6725 0
0 0
649 6637
5044 3055
0 0
9168 384
8711 6474
3270 0
1140 3245
364 0
141 0
0 0
6116 9243
2662 3471
0 0
7785 0
0 0
5824 0
7324 5191
9402 0
7397 6651
4551 0
4164 0
0 0
1074 2955
0 0
6023 0
0 0
0 0
4867 0
2072 2108
0 0
8802 0
8885 5946
1985 6917
8025 423
870 2384
9266 0
0 0
9478 0
868 0
0 0
2968 3197
4808 0
0 0
2792 4720
2354 0
2306 0
0 0
7179 0
2846 1789
0 0
2518 8302
7149 4059
3730 0
0 0
9908 0
2910 75
1247 0
7564 0
0 0
5579 0
0 0
0 0
1818 5132
48 9657
0 0
8896 0
9746 4625
0 0
0 0
848 0
8656 9240
9394 8378
2573 4177
0 0
7122 4608
2851 0
9574 2048
6392 0
5376 80
8349 0
8140 0
3299 6339
5449 0
0 0
6495 7027
186 8598
0 0
5628 0
0 0
2728 0
12 566
0 0
8903 1837
9262 6264
0 0
2377 8897
4473 0
1231 6160
0 0
9744 0
9671 533
6895 2815
5635 6367
0 0
3268 0
9805 9752
7848 4965
9615 0
8581 4139
4991 0
0 0
8206 5754
6201 0
9020 6940
5840 3113
7879 8438
6568 0
1706 3712
0 0
5783 0
0 0
0 0
5647 6082
9583 8554
0 0
0 0
309 0
0 0
3929 0
3735 0
736 0
8981 0
5749 0
7801 0
3082 6879
4305 0
1016 0
0 0
0 0
6476 0
0 0
7465 0
0 0
5158 0
4569 0
8319 0
0 0
4864 0
1400 3961
1787 685
7810 0
2504 0
2371 3514
4032 7750
0 0
0 0
0 0
6867 8825
9404 3786
0 0
0 0
0 0
0 0
3489 0
5389 0
1602 0
0 0
4550 8351
0 0
396 7610
2232 0
0 0
0 0
2079 5298
0 0
6952 0
0 0
7393 0
8798 0
7330 0
2444 0
8931 2152
0 0
7840 6315
0 0
0 0
8519 0
8045 645
2098 0
0 0
4941 0
0 0
0 0
0 0
7161 4259
1498 0
8487 3463
0 0
0 0
6246 0
0 0
0 0
0 0
0 0
764 0
0 0
9382 5482
0 0
0 0
0 0
0 0
0 0
9198 0
0 0
5032 0
766 0
9493 433
4313 0
0 0
5941 4086
0 0
0 0
2143 2579
0 0
0 0
4818 0
0 0
0 0
2325 0
9039 0
9577 520
0 0
0 0
5924 1130
0 0
0 0
6354 8223
9310 9319
0 0
8520 2353
7542 7817
0 0
8640 6785
9814 0
3879 84
7775 0
6624 0
0 0
9368 0
1894 0
4425 0
0 0
2381 0
0 0
0 0
0 0
6885 4860
6727 3602
0 0
4778 323
0 0
9997 7286
4671 8523
0 0
0 0
5925 0
9257 0
0 0
3227 6711
9008 7774
4054 0
5690 6944
6914 8237
0 0
4689 4209
5318 0
0 0
7919 5373
0 0
2280 9699
6996 0
0 0
1335 0
4758 0
0 0
8693 3469
0 0
595 6119
0 0
0 0
7087 3757
0 0
3464 0
437 0
216 7202
1156 282
7511 8264
0 0
0 0
7891 7114
8311 6539
0 0
4962 0
6599 9726
0 0
9261 0
0 0
8792 0
9154 1901
5838 7282
2783 9658
9130 5079
7871 4773
3997 9178
7960 402
7326 3613
9700 0
0 0
5150 0
4085 0
7105 0
0 0
6631 1712
0 0
2781 9413
0 0
0 0
9736 8891
4871 0
1337 7125
0 0
0 0
0 0
5285 0
0 0
4990 6286
0 0
0 0
5346 0
9471 0
4317 5092
0 0
8480 3903
0 0
1933 4437
0 0
1000 0
0 0
8138 0
3283 6383
9907 0
9739 7676
9191 0
4752 0
1133 4741
0 0
5540 0
2689 1190
4200 7209
182 0
2331 4400
2959 0
9568 7830
6607 0
1079 3647
0 0
550 0
1956 8096
0 0
6701 0
1795 3418
1518 555
0 0
0 0
120 0
6282 0
351 0
220 0
0 0
6896 8572
6231 6410
0 0
0 0
7794 7877
0 0
5739 0
7722 0
2017 0
7461 1524
4207 0
7548 0
3190 1412
1027 2603
0 0
6278 1939
0 0
7024 0
9114 0
1061 6294
0 0
0 0
8730 0
0 0
5552 4403
7124 1090
8240 0
9225 2592
8370 0
0 0
7792 3145
7299 6595
0 0
6979 0
0 0
308 3108
0 0
6256 3510
0 0
0 0
398 0
5160 6646
0 0
1496 0
1465 0
0 0
0 0
0 0
6169 802
1832 2862
2651 6371
6946 0
1158 8442
0 0
0 0
0 0
0 0
8913 0
5890 0
3907 3365
1081 0
8497 2433
9806 4229
0 0
742 0
0 0
716 0
0 0
9156 4391
3884 4509
4309 0
0 0
918 4017
196 0
0 0
0 0
0 0
8544 6370
8414 7203
0 0
2478 0
5653 779
0 0
0 0
3928 2026
151 0
0 0
0 0
0 0
7115 3483
6120 9532
0 0
7783 7052
0 0
6771 0
6488 6487
0 0
5674 0
73 0
9697 0
3763 0
5204 833
3336 0
0 0
0 0
0 0
3937 1838
0 0
0 0
3881 4306
0 0
2170 0
2762 0
8960 5874
9482 0
0 0
1918 0
6705 2580
0 0
0 0
553 1974
0 0
0 0
0 0
486 8327
5677 2334
2682 0
2149 0
0 0
3627 3161
4914 8434
2339 8686
0 0
4156 3535
0 0
0 0
3665 488
3051 0
0 0
1046 6760
0 0
6628 6569
0 0
0 0
215 0
0 0
9119 7498
0 0
2817 8553
3853 0
8099 515
4917 6341
5299 7815
345 0
6547 6461
0 0
4348 0
1871 9823
7986 6714
2241 0
680 25
0 0
0 0
1749 0
2416 0
6190 8108
0 0
3394 1976
0 0
0 0
7031 9497
5017 4418
0 0
2765 8165
7615 0
1396 0
0 0
0 0
0 0
0 0
0 0
587 0
0 0
0 0
3932 7020
0 0
4946 0
8146 5292
7966 987
4831 0
8615 3480
279 0
0 0
1635 0
3071 0
745 2508
4053 3711
0 0
6328 0
3089 3911
8639 9342
8104 0
1165 9317
1960 0
8921 0
145 0
8021 0
0 0
0 0
6708 3887
1394 7579
3105 0
0 0
4011 0
0 0
0 0
8347 0
2094 0
8650 7691
1868 5704
2532 0
0 0
0 0
8922 623
4696 7332
2524 0
5886 9878
2577 7589
7523 2183
126 5681
9267 0
5459 0
0 0
606 7614
0 0
4828 9311
0 0
207 6221
0 0
7457 0
6510 0
2252 0
9618 2489
3861 0
796 5796
0 0
4585 3865
0 0
0 0
0 0
0 0
0 0
119 0
4751 0
3620 5223
4446 165
0 0
0 0
6626 0
0 0
4067 0
236 0
1947 0
2055 4281
0 0
4192 0
576 0
3708 1069
836 784
0 0
0 0
6566 0
2593 7996
0 0
8840 0
0 0
3938 0
1338 7467
7834 0
5142 8259
0 0
0 0
7874 0
9252 5370
5313 8580
4905 9088
4694 0
7742 6707
581 2972
1584 0
809 3414
9313 6386
106 5383
0 0
7112 0
5291 0
0 0
1013 1840
0 0
0 0
0 0
72 0
755 0
0 0
0 0
8116 5735
0 0
602 0
578 0
7263 8932
0 0
9458 8774
0 0
4239 288
0 0
0 0
0 0
9724 6497
2451 0
6816 0
0 0
3589 254
8445 5489
0 0
0 0
6259 7932
7227 0
9696 7568
9991 8416
9981 5699
0 0
3758 0
5578 0
9838 0
0 0
0 0
0 0
0 0
7695 418
0 0
346 2686
0 0
2176 7619
0 0
628 7933
0 0
9946 9223
0 0
0 0
2775 0
5024 0
5090 0
1094 2476
0 0
6210 1430
6060 3634
9235 5913
7936 0
0 0
470 1580
0 0
2639 2826
6610 6302
3035 7400
9966 0
9139 5053
2447 8800
3574 0
0 0
0 0
4499 6232
0 0
3009 0
7186 0
9234 0
2938 0
5161 8136
0 0
0 0
1608 0
0 0
6579 8254
2349 0
0 0
9026 0
4665 0
5289 925
0 0
0 0
0 0
0 0
4516 193
0 0
0 0
2313 0
9214 2637
0 0
9201 0
0 0
9306 0
4487 0
0 0
8100 7835
3274 9801
4682 2745
8999 2898
8625 3258
0 0
8820 3717
0 0
0 0
4080 9601
0 0
4119 3391
0 0
8466 7262
7899 0
0 0
5406 8448
0 0
0 0
5157 0
0 0
4181 0
1381 5821
3390 0
1556 4632
58 0
0 0
0 0
8132 0
0 0
7297 2558
6819 0
0 0
0 0
8589 0
5261 0
4992 0
3431 0
6379 0
646 8535
8948 8376
1797 0
0 0
3917 9121
9488 0
1332 0
8508 7764
0 0
2729 2359
3155 8745
9126 0
9664 0
6234 6685
0 0
6933 0
0 0
0 0
0 0
8181 2564
9335 9513
3949 5305
3428 9797
0 0
2116 4138
2916 0
6899 8143
0 0
7261 0
0 0
2684 0
6926 0
0 0
0 0
7831 0
4855 9032
933 0
3014 647
1647 2156
0 0
4157 6644
2735 262
0 0
428 0
0 0
0 0
4870 6682
7897 4302
0 0
1387 0
816 0
6423 0
0 0
5259 5327
5091 0
6464 0
5514 0
0 0
9960 0
0 0
5845 1427
7142 5437
4343 0
0 0
5251 0
7001 8238
2574 0
4324 9627
6191 9353
6496 0
0 0
1492 1540
6802 0
6976 2638
4254 0
0 0
9419 332
6076 6453
2656 0
2696 0
2612 0
0 0
7168 0
0 0
6125 9586
9608 1898
3601 0
0 0
6001 0
9452 0
9153 3257
0 0
0 0
4262 9454
5403 1397
3353 0
6653 0
322 0
0 0
7973 7157
9852 8486
1944 7760
7670 0
3633 9880
9862 4412
8286 6090
3587 0
4219 6418
0 0
3558 0
0 0
1676 8369
4759 7441
5644 3320
6788 2297
0 0
8038 4183
0 0
0 0
4968 1101
7690 0
0 0
0 0
3081 0
1744 0
7918 1940
963 5109
8963 0
4623 0
675 0
8761 0
4743 0
1686 1192
7766 0
9884 0
0 0
0 0
4688 2692
4336 5402
8290 9438
0 0
0 0
0 0
1084 0
2975 0
5631 0
9865 0
6766 7440
995 1324
9901 1091
0 0
0 0
6274 0
4194 9944
6272 0
5367 6324
0 0
3136 0
3370 2823
0 0
0 0
3664 0
2037 0
6817 0
7902 8668
0 0
1623 0
4435 0
0 0
589 8909
0 0
5808 0
1596 0
5492 0
87 4910
42 2937
0 0
2958 6862
2466 0
5871 5687
9072 898
9244 0
0 0
7666 7850
3764 0
0 0
7104 0
1751 0
4079 0
0 0
5627 0
3880 2266
0 0
7059 0
9842 0
694 3419
2642 0
8583 0
8727 4763
1188 0
5384 3699
1650 5617
5501 0
3238 8374
1836 0
3395 0
0 0
6492 0
0 0
6478 0
6150 4776
0 0
6043 0
4619 0
0 0
9420 9273
0 0
7811 0
0 0
4439 5354
9681 1561
2174 2407
5947 4884
2244 3851
5405 0
9547 0
0 0
0 0
4268 0
0 0
0 0
4541 5014
1823 2861
0 0
1365 0
6085 5099
5324 4061
0 0
0 0
9251 0
0 0
4517 0
5281 7422
4422 0
0 0
7513 0
0 0
317 4346
8395 1327
3597 0
0 0
9315 153
1132 0
7302 0
0 0
0 0
5063 6175
9642 3048
0 0
3222 9247
4641 0
5232 7532
0 0
0 0
2795 8014
0 0
0 0
0 0
8536 0
0 0
0 0
2104 8318
4875 3335
0 0
6676 5152
9738 9673
5002 1961
3141 0
9106 0
2538 0
0 0
0 0
0 0
0 0
0 0
2822 1957
0 0
6536 0
0 0
0 0
0 0
3256 0
0 0
0 0
3400 0
8333 7651
0 0
0 0
4725 0
4615 7430
5059 0
7554 0
0 0
0 0
8557 5268
9477 8524
6381 1688
7303 4051
4381 0
6400 8539
81 2527
0 0
0 0
5860 8739
208 0
6127 0
5284 7338
1487 7679
1884 9001
906 0
0 0
0 0
0 0
7411 3860
0 0
6564 2800
4167 4567
1357 7002
4171 0
0 0
0 0
562 3305
2101 2481
0 0
0 0
8690 8250
0 0
2934 4686
5818 0
0 0
0 0
0 0
4630 1736
6525 3451
2834 0
785 0
6892 0
0 0
2568 6527
0 0
0 0
9481 4300
7656 3124
3457 6037
1136 4078
7529 0
2995 6779
0 0
4440 444
3818 5250
2400 0
0 0
9567 907
5209 342
0 0
0 0
2936 3002
4844 4669
4510 0
9256 8837
4447 0
0 0
7998 8737
7618 0
5042 0
0 0
0 0
0 0
168 0
0 0
0 0
0 0
1543 0
1117 7318
1709 0
5767 0
0 0
8714 0
4882 7054
0 0
6118 4554
224 0
7419 0
8563 2845
8724 0
2517 8427
4858 0
0 0
5257 0
7477 0
1172 8276
2777 0
5844 0
6440 440
8280 9730
6252 0
0 0
7402 5982
0 0
0 0
8313 0
3243 8579
9957 2726
0 0
8365 0
1261 757
0 0
6260 7612
0 0
7682 0
0 0
0 0
2743 0
0 0
0 0
0 0
4476 8011
7506 4115
0 0
4841 0
1472 5230
7217 0
1182 0
0 0
9591 0
1685 0
7152 0
8367 3488
4500 0
0 0
0 0
3030 7536
2755 7675
0 0
5385 158
2463 2127
4275 340
7011 7489
0 0
9128 0
8123 1067
0 0
8754 1415
5330 0
0 0
3479 0
8306 9621
0 0
9585 0
3616 0
8947 0
0 0
5064 0
0 0
0 0
6122 0
7153 0
3623 0
5641 0
0 0
1942 0
5853 0
0 0
4820 0
6777 0
3250 6159
5182 0
0 0
6545 0
0 0
5341 0
7359 2269
0 0
5613 6648
5536 0
5737 930
9189 0
9241 0
2859 353
0 0
9741 0
403 8565
4451 4438
7706 0
0 0
985 5569
0 0
0 0
3658 0
9023 6136
7225 0
1451 3152
9810 0
0 0
0 0
368 0
0 0
0 0
4644 5919
0 0
3280 0
5706 0
6494 0
9309 0
0 0
0 0
6774 9596
3901 5612
3454 0
6254 8677
5434 3522
0 0
0 0
0 0
0 0
0 0
0 0
0 0
9169 7890
7268 0
9219 4095
1374 4667
6486 0
9358 2945
9255 7924
0 0
5457 0
447 0
6582 0
3037 0
9691 0
0 0
8013 0
0 0
3392 0
5549 3289
9416 0
9602 2886
2173 0
5125 0
0 0
9182 7067
3384 3713
8471 7860
9798 0
0 0
7885 4122
6573 0
1398 0
2884 0
5076 0
2655 0
7984 0
7613 0
0 0
3939 0
7097 0
5474 0
0 0
0 0
9146 9265
7669 1574
4242 7921
8287 0
9077 9336
0 0
7723 5428
8149 3486
0 0
4292 7260
1224 1149
6803 0
7657 0
0 0
8622 0
3260 0
0 0
8267 1186
8032 2025
302 0
5707 9376
8618 4057
0 0
0 0
2554 0
4704 3208
9028 0
2292 5294
8440 0
2954 0
6087 490
0 0
0 0
0 0
2515 4697
489 2275
0 0
1526 3983
8474 4402
0 0
0 0
235 7219
6912 6228
92 0
2632 0
7281 3688
4656 5660
3830 2547
0 0
5858 0
5388 0
5022 0
5914 0
0 0
2014 0
9105 1609
7084 0
2987 0
2336 0
5762 4595
2588 0
6684 0
0 0
4180 0
0 0
8210 0
9945 3432
970 0
0 0
1729 1643
2761 0
5583 0
3167 0
0 0
0 0
0 0
7341 0
9373 4631
0 0
4829 1200
0 0
6477 2188
6 5425
0 0
2952 0
8429 0
8348 7246
6198 8175
9408 0
9364 4318
4173 3231
2111 3217
0 0
0 0
0 0
9434 0
0 0
6063 6263
263 8937
0 0
5586 4141
667 0
0 0
3869 0
0 0
206 0
0 0
2102 0
5456 2096
8246 5339
2744 0
0 0
9565 1768
6519 0
1576 0
0 0
0 0
6132 0
5465 3371
0 0
9062 0
190 0
8925 0
0 0
147 5758
0 0
8501 0
5067 9398
0 0
0 0
2888 1163
9361 0
932 0
4124 6306
3285 8604
6757 0
0 0
0 0
0 0
354 2061
0 0
7829 2611
1305 0
0 0
2304 0
6507 2926
7147 0
3604 1756
8890 9599
0 0
9002 0
1437 6829
333 8168
6532 700
0 0
7655 9259
7055 4488
1301 0
0 0
0 0
2957 0
0 0
6908 0
2361 0
5724 0
4677 2420
0 0
0 0
0 0
0 0
3310 0
4618 3422
0 0
0 0
0 0
4159 0
6905 139
0 0
6156 4658
1691 5197
0 0
0 0
8803 0
538 2095
8105 4349
0 0
1827 0
0 0
0 0
0 0
0 0
4849 674
3176 9371
5511 3374
938 6209
2438 3316
0 0
9065 872
8938 0
0 0
6218 50
5547 0
4475 4817
0 0
0 0
3188 6992
3739 0
4690 8830
0 0
524 0
8985 4199
4845 0
6365 0
8549 313
8902 9292
5476 0
0 0
0 0
0 0
4378 4626
8430 0
0 0
8317 6309
6726 9341
0 0
0 0
0 0
0 0
8526 0
0 0
0 0
6165 252
1443 5297
6062 5507
2776 0
9475 0
1876 0
34 2298
7847 4491
0 0
750 3146
432 0
9221 5662
7674 6199
8454 703
4236 1318
8167 370
4750 8211
0 0
6102 0
6188 0
0 0
0 0
7693 0
0 0
4900 9844
641 6056
9632 3144
3372 2370
9329 0
4756 0
8894 1854
0 0
2126 0
1478 8408
0 0
6978 6859
6838 4674
3078 3348
5760 1725
1455 0
0 0
0 0
0 0
167 4049
0 0
603 4893
4340 0
0 0
1946 0
1467 7308
377 0
0 0
5173 4311
0 0
0 0
2242 3259
0 0
3874 3099
0 0
0 0
0 0
2050 5248
0 0
5097 7512
0 0
9451 8354
0 0
3472 0
7232 0
1404 0
7354 6107
0 0
2184 0
0 0
0 0
4148 5752
2767 5523
2896 5570
0 0
0 0
3408 1212
9849 7380
0 0
9980 0
6977 3410
5936 0
4783 2182
6660 0
8111 0
4020 0
9465 1938
0 0
3166 1362
114 0
3698 0
9157 0
4347 7590
8234 0
1739 7101
9476 3686
0 0
0 0
6932 2105
8914 4287
3382 9747
6203 0
9695 0
8600 5629
6752 1826
1571 0
0 0
5648 0
1369 0
7433 391
2229 9406
0 0
5765 0
0 0
6883 0
3804 6363
6366 0
0 0
0 0
5556 4280
0 0
0 0
0 0
0 0
8243 0
2816 0
630 1612
3659 0
6283 8308
0 0
459 0
539 3744
5775 0
9160 3996
409 0
0 0
1234 0
0 0
0 0
5789 0
8530 5110
9346 0
0 0
434 0
0 0
2392 3426
0 0
0 0
6316 9758
6583 1599
0 0
0 0
4505 5328
5849 1418
7339 0
9447 469
0 0
5732 6402
0 0
7016 2724
4022 5770
0 0
7836 0
7348 6164
5114 0
0 0
2386 0
5535 6394
8387 0
0 0
4835 0
4307 4960
0 0
6009 7935
5873 0
8360 9134
6007 4175
0 0
0 0
1004 4955
0 0
2760 5615
1439 5255
3352 0
2100 0
0 0
0 0
0 0
9557 9516
0 0
0 0
0 0
4825 0
1677 4621
0 0
0 0
7487 4253
7274 8041
426 8827
3546 7660
2965 0
1758 0
0 0
0 0
0 0
0 0
0 0
5599 9876
0 0
3366 5211
6334 0
4903 770
5830 8694
0 0
8949 0
1929 156
1658 3780
0 0
0 0
0 0
8083 2521
5518 5734
4088 8173
4397 0
1056 0
8629 7795
0 0
2259 2703
7923 2615
3984 0
0 0
8983 4099
0 0
8844 0
7251 0
6959 0
2917 0
9426 0
0 0
8455 0
706 0
2683 0
0 0
2507 3160
0 0
0 0
2260 0
1664 0
0 0
0 0
2609 0
6683 0
0 0
8177 7169
0 0
0 0
6238 7827
3333 9573
9794 0
0 0
4919 7428
0 0
242 0
2411 0
0 0
0 0
442 9248
519 0
0 0
7429 0
8499 1583
3807 0
508 0
1800 8901
7534 2892
1082 0