1000 666
481 445
0 0
0 0
0 0
383 0
816 335
20 0
0 0
0 0
0 0
0 0
810 0
276 687
0 0
0 0
781 637
480 528
0 0
858 0
980 0
118 0
701 866
0 0
694 0
894 748
0 0
0 0
789 434
721 0
0 0
319 0
47 684
0 0
401 0
0 0
0 0
70 967
0 0
0 0
793 135
0 0
374 153
916 785
510 0
0 0
186 835
295 880
0 0
0 0
108 0
0 0
0 0
0 0
166 172
431 0
580 0
88 907
782 0
263 330
376 0
0 0
869 0
0 0
667 0
876 731
368 0
0 0
718 686
0 0
649 890
0 0
115 0
772 757
846 0
474 193
0 0
642 0
775 0
0 0
0 0
460 0
0 0
778 0
0 0
0 0
447 0
0 0
0 0
210 547
933 0
991 0
48 25
304 488
0 0
294 234
959 0
255 0
0 0
343 730
0 0
0 0
0 0
0 0
293 0
0 0
442 0
215 242
428 0
0 0
396 801
927 672
217 361
0 0
955 145
0 0
0 0
315 0
714 0
0 0
462 960
17 0
375 0
815 241
741 0
13 0
0 0
868 0
854 0
512 680
265 0
0 0
0 0
0 0
109 0
0 0
892 389
141 581
856 0
0 0
788 0
852 201
0 0
43 496
321 0
774 0
809 698
857 0
755 391
371 357
0 0
0 0
269 0
850 0
804 0
0 0
0 0
0 0
864 924
0 0
953 0
254 0
353 504
952 0
15 62
0 0
746 148
517 226
0 0
690 677
344 516
405 202
608 0
0 0
0 0
666 0
0 0
59 527
0 0
418 0
414 0
0 0
0 0
221 962
515 0
929 648
213 607
19 50
598 0
640 0
0 0
0 0
0 0
216 0
426 589
739 0
214 968
466 0
441 0
0 0
51 765
461 0
252 49
720 498
345 0
795 359
0 0
629 0
936 0
347 0
384 471
413 0
438 0
394 619
179 897
302 0
0 0
918 122
487 603
0 0
0 0
995 486
0 0
650 0
0 0
797 689
378 0
0 0
847 180
261 545
0 0
891 0
508 0
586 199
0 0
855 831
0 0
433 529
34 0
340 647
663 0
390 0
0 0
0 0
270 0
0 0
874 458
0 0
297 0
0 0
675 0
257 354
983 0
0 0
0 0
209 363
635 301
156 0
0 0
103 0
0 0
220 0
423 0
144 979
360 147
0 0
291 542
0 0
259 0
919 0
633 0
0 0
870 399
524 155
0 0
0 0
563 0
158 779
557 406
588 860
822 0
181 130
0 0
0 0
392 0
0 0
940 736
0 0
0 0
346 0
316 0
0 0
0 0
540 824
377 964
0 0
615 334
251 518
0 0
373 724
0 0
0 0
0 0
235 0
222 0
0 0
183 505
570 0
0 0
336 66
339 0
0 0
175 0
577 0
0 0
286 0
662 272
776 0
849 0
0 0
0 0
830 501
425 0
0 0
0 0
0 0
725 171
0 0
798 132
620 36
543 0
665 611
95 0
134 73
904 42
823 0
592 0
124 0
0 0
985 0
820 0
710 189
0 0
0 0
0 0
0 0
0 0
68 786
0 0
799 231
0 0
281 211
0 0
538 842
457 826
0 0
0 0
0 0
32 337
970 0
117 509
792 459
329 539
992 106
0 0
7 151
511 350
0 0
707 0
137 0
333 475
386 107
33 0
143 0
0 0
683 370
0 0
767 250
160 325
645 0
279 89
0 0
0 0
0 0
351 0
75 271
0 0
0 0
568 872
507 0
455 0
1000 0
0 0
437 0
984 0
53 0
0 0
526 742
3 0
0 0
0 0
0 0
624 791
468 0
328 954
0 0
0 0
0 0
561 0
0 0
502 298
0 0
0 0
513 818
274 424
44 903
326 0
942 60
92 443
207 173
571 533
0 0
601 0
840 784
987 0
79 0
101 0
879 0
403 549
192 0
993 174
671 888
292 8
332 752
0 0
382 706
0 0
0 0
277 303
472 67
569 946
256 176
0 0
0 0
208 0
402 796
898 612
0 0
0 0
937 938
618 0
646 567
541 806
307 0
0 0
534 0
305 0
0 0
464 0
0 0
613 0
0 0
634 0
813 0
591 0
821 0
0 0
0 0
0 0
0 0
120 0
385 596
0 0
0 0
670 0
229 0
372 0
632 676
759 744
0 0
0 0
0 0
0 0
236 29
975 761
348 0
0 0
0 0
388 923
56 169
0 0
691 0
116 0
0 0
0 0
420 409
838 454
0 0
355 623
362 950
0 0
853 243
0 0
204 914
331 912
0 0
131 851
296 55
0 0
584 0
97 0
934 0
247 253
622 971
404 0
727 800
0 0
123 0
0 0
168 182
494 878
0 0
0 0
358 0
574 682
928 422
751 0
978 895
450 875
369 974
871 0
200 605
465 0
71 0
845 0
0 0
407 0
157 0
0 0
46 965
0 0
352 0
81 284
827 0
463 0
52 0
627 280
238 397
863 0
703 0
78 988
747 794
188 594
921 674
470 0
0 0
883 768
164 0
285 745
614 0
550 572
732 111
743 0
194 790
0 0
479 0
0 0
473 641
177 0
715 400
300 0
170 0
657 119
0 0
0 0
0 0
976 0
531 899
248 996
0 0
859 783
877 159
410 617
643 905
565 309
0 0
0 0
0 0
0 0
737 0
861 0
21 0
54 0
908 0
190 0
114 0
0 0
0 0
555 0
64 218
716 0
753 0
0 0
708 227
837 0
0 0
780 0
230 0
72 275
696 0
717 773
432 0
0 0
749 322
709 925
85 76
140 0
0 0
467 556
187 578
832 0
0 0
631 0
0 0
408 163
133 38
562 681
110 673
915 0
492 719
604 808
0 0
125 267
28 0
178 0
0 0
395 367
0 0
0 0
381 0
0 0
0 0
0 0
416 320
553 0
777 0
817 0
0 0
237 523
0 0
0 0
688 576
0 0
844 0
165 948
803 0
926 678
313 233
695 621
198 552
0 0
0 0
668 544
0 0
0 0
0 0
299 0
493 0
982 999
0 0
0 0
0 0
83 0
0 0
609 0
393 843
77 0
246 0
616 873
99 812
0 0
11 0
0 0
314 802
0 0
0 0
0 0
548 0
679 771
654 0
833 885
658 664
412 0
0 0
0 0
692 398
0 0
628 149
922 0
167 963
514 150
931 0
997 0
972 862
728 769
0 0
35 0
575 0
104 0
98 0
638 0
206 554
260 0
0 0
14 0
546 595
579 349
0 0
197 30
0 0
74 435
0 0
754 0
0 0
94 0
0 0
0 0
0 0
610 232
0 0
0 0
566 0
212 338
0 0
0 0
865 0
317 0
669 0
452 483
341 26
453 0
476 0
154 0
306 0
499 558
583 84
278 0
0 0
0 0
356 0
652 733
0 0
240 0
0 0
0 0
0 0
139 740
161 0
0 0
763 893
0 0
0 0
456 0
537 40
427 0
0 0
882 957
195 0
102 0
0 0
521 0
0 0
0 0
750 0
659 762
807 477
273 417
770 585
0 0
0 0
287 0
947 203
0 0
57 848
535 489
129 0
0 0
805 522
702 142
0 0
0 0
884 0
738 490
630 889
951 239
2 0
112 811
0 0
712 61
909 0
0 0
86 0
495 225
69 0
0 0
491 520
998 0
0 0
63 127
0 0
0 0
900 726
961 0
0 0
0 0
644 4
0 0
387 0
0 0
0 0
600 0
0 0
96 0
0 0
0 0
0 0
969 0
0 0
264 0
0 0
0 0
0 0
311 0
41 282
697 913
656 228
451 564
93 989
530 902
0 0
0 0
0 0
887 0
536 602
0 0
138 0
0 0
24 121
0 0
519 0
184 80
0 0
764 0
22 941
0 0
841 825
0 0
655 0
0 0
100 932
651 90
599 9
685 0
0 0
289 0
0 0
0 0
91 0
704 705
881 0
440 283
945 590
0 0
0 0
219 0
288 0
917 0
760 0
723 910
0 0
0 0
0 0
365 324
0 0
930 436
593 0
839 939
734 935
525 0
482 16
819 0
758 0
551 0
23 0
944 245
364 0
867 0
906 0
0 0
500 0
896 0
653 87
0 0
318 0
0 0
126 0
722 380
0 0
0 0
429 693
27 0
308 0
0 0
625 660
191 419
224 532
711 0
0 0
258 0
977 0
448 65
268 485
0 0
639 0
469 829
0 0
0 0
411 0
836 266
0 0
430 636
990 6
582 0
5 185
0 0
700 327
597 366
559 0
312 439
37 0
886 478
994 0
0 0
39 0
0 0
560 901
136 152
146 162
0 0
0 0
787 0
828 128
10 0
0 0
249 342
506 0
756 587
323 0
0 0
911 497
31 0
0 0
310 949
415 0
626 421
0 0
958 0
699 986
82 0
444 920
58 0
379 573
262 0
0 0
45 0
766 729
18 113
713 0
0 0
0 0
0 0
0 0
956 814
196 12
244 834
0 0
0 0
661 0
484 503
205 446
0 0
105 0
981 735
290 223
0 0
966 943
0 0
0 0
606 0
449 0
973 0