1000 661
497 534
871 984
0 0
437 0
620 0
639 814
94 485
34 135
0 0
0 0
200 91
419 461
642 97
409 762
756 0
0 0
0 0
870 494
0 0
0 0
924 0
421 0
681 703
510 0
315 0
0 0
0 0
0 0
802 46
112 761
0 0
0 0
0 0
933 388
753 0
15 705
447 0
0 0
439 0
801 352
436 0
205 0
0 0
0 0
886 398
289 0
569 955
201 0
599 0
603 0
686 846
518 882
0 0
0 0
137 574
541 0
0 0
378 0
0 0
481 656
663 854
0 0
0 0
823 0
677 32
0 0
0 0
662 193
800 169
958 0
607 0
44 0
255 0
592 457
0 0
919 0
852 399
90 723
873 0
0 0
153 546
696 0
709 790
0 0
317 0
24 0
827 623
0 0
426 251
3 0
0 0
393 242
0 0
949 604
655 0
313 0
0 0
0 0
0 0
0 0
358 455
829 0
223 0
307 0
831 589
382 528
0 0
400 0
648 618
619 557
0 0
921 0
856 0
356 428
0 0
0 0
80 197
928 159
0 0
328 527
128 0
391 0
430 916
815 414
271 930
353 198
0 0
0 0
361 0
385 0
836 116
691 796
199 0
189 0
486 54
0 0
1000 250
284 920
544 265
204 755
369 896
190 68
219 0
0 0
858 143
999 232
0 0
611 692
180 28
780 0
0 0
323 0
365 811
300 327
12 0
0 0
130 805
682 0
0 0
411 118
881 292
0 0
0 0
0 0
700 0
274 977
890 228
0 0
880 230
355 725
107 842
524 101
213 0
884 694
275 0
423 0
0 0
0 0
0 0
609 0
0 0
0 0
902 0
0 0
0 0
654 621
0 0
367 820
72 961
590 917
427 0
0 0
71 0
0 0
0 0
390 0
0 0
0 0
875 0
188 818
0 0
0 0
972 163
996 86
221 126
452 47
992 905
441 0
320 0
509 394
0 0
676 235
657 175
776 474
453 0
0 0
0 0
0 0
248 0
19 0
108 254
824 0
748 454
672 545
0 0
6 734
319 835
0 0
0 0
0 0
0 0
0 0
578 27
0 0
83 98
0 0
139 765
0 0
321 51
262 526
0 0
575 0
0 0
129 937
0 0
145 640
35 0
0 0
793 0
0 0
573 0
0 0
0 0
246 0
936 0
226 0
948 0
182 185
630 69
985 0
746 808
287 572
0 0
678 0
366 294
0 0
0 0
402 0
0 0
601 0
598 326
280 0
0 0
413 195
0 0
932 425
124 699
614 0
892 0
983 165
855 719
0 0
910 0
295 550
743 92
122 582
0 0
152 987
252 0
758 754
537 234
769 330
925 610
737 0
0 0
944 0
181 516
209 0
304 0
406 568
29 536
907 0
771 0
833 0
0 0
67 0
0 0
131 0
288 276
0 0
0 0
549 0
0 0
0 0
70 667
0 0
0 0
0 0
310 0
0 0
105 543
947 0
0 0
325 0
0 0
0 0
768 547
671 593
66 0
834 0
56 0
0 0
0 0
133 986
943 0
296 821
0 0
0 0
231 730
293 119
0 0
0 0
0 0
57 0
11 503
809 0
314 0
0 0
479 586
22 431
570 877
627 397
342 946
0 0
631 450
396 0
0 0
950 106
0 0
160 338
0 0
0 0
0 0
837 0
906 794
217 429
0 0
0 0
377 613
224 364
0 0
301 0
403 577
997 0
0 0
740 695
468 588
945 792
0 0
922 0
0 0
515 0
900 0
186 0
0 0
170 799
104 535
571 360
0 0
560 860
173 0
102 0
346 564
0 0
878 316
495 202
803 0
0 0
87 778
0 0
0 0
0 0
969 579
462 770
332 0
372 865
970 297
458 523
597 0
843 0
866 0
0 0
813 0
0 0
354 0
0 0
416 849
839 559
383 171
828 0
73 466
371 512
0 0
303 210
0 0
638 0
449 879
0 0
0 0
375 0
965 784
8 41
942 0
0 0
471 0
706 0
583 0
685 0
0 0
556 0
0 0
93 0
988 0
0 0
0 0
797 389
0 0
717 0
0 0
0 0
0 0
302 277
670 249
63 0
415 0
973 0
0 0
347 959
0 0
0 0
0 0
488 134
0 0
626 0
974 0
291 0
612 405
26 0
53 37
747 0
0 0
0 0
742 0
0 0
0 0
529 0
0 0
830 0
138 0
0 0
810 192
245 78
641 806
339 379
422 647
60 781
0 0
0 0
698 960
155 0
731 0
962 0
927 187
0 0
0 0
166 0
161 0
914 0
270 763
331 660
0 0
733 227
0 0
0 0
0 0
0 0
644 0
111 0
434 0
0 0
728 278
0 0
711 0
513 0
0 0
211 48
726 345
0 0
566 832
174 0
869 971
735 0
31 0
567 635
0 0
273 0
594 74
0 0
0 0
551 14
351 940
727 0
0 0
264 0
0 0
517 0
525 0
0 0
661 387
0 0
285 538
0 0
653 548
0 0
0 0
404 953
617 0
505 0
0 0
0 0
65 602
0 0
787 0
931 0
470 883
782 0
359 0
281 885
0 0
591 0
207 0
465 0
0 0
552 0
150 374
0 0
7 0
555 741
0 0
646 0
772 0
0 0
463 777
157 0
0 0
0 0
0 0
103 981
0 0
0 0
491 0
608 0
760 0
99 558
240 894
401 0
489 420
0 0
392 0
121 989
913 0
625 162
0 0
487 0
483 23
0 0
438 424
847 493
791 0
715 867
804 156
0 0
964 0
0 0
357 0
0 0
0 0
0 0
0 0
520 0
75 194
0 0
115 0
0 0
0 0
0 0
0 0
478 123
472 0
864 418
738 0
708 0
10 381
45 362
0 0
477 0
141 0
0 0
819 0
125 172
456 229
5 469
408 757
0 0
521 0
148 0
504 266
0 0
542 0
459 0
464 0
724 0
0 0
0 0
0 0
444 624
433 553
0 0
0 0
164 100
395 0
77 0
876 203
258 370
511 0
0 0
473 0
0 0
233 290
373 0
0 0
308 674
0 0
576 0
595 0
816 500
268 0
0 0
0 0
0 0
442 0
561 751
540 0
0 0
0 0
0 0
311 0
0 0
0 0
0 0
149 337
309 0
0 0
214 0
954 0
939 85
0 0
215 136
684 580
980 0
267 0
764 263
0 0
637 822
507 0
0 0
903 0
216 789
114 0
0 0
0 0
859 0
0 0
0 0
622 0
0 0
109 563
0 0
701 0
0 0
0 0
0 0
0 0
0 0
533 0
0 0
812 0
935 0
0 0
120 0
17 0
0 0
18 0
713 0
220 0
995 0
0 0
683 241
874 934
0 0
341 0
184 0
260 43
324 0
417 826
616 912
926 33
0 0
142 151
0 0
0 0
0 0
0 0
282 0
508 990
448 0
76 443
196 30
0 0
16 0
58 773
908 807
975 0
675 0
117 918
183 376
88 0
739 0
840 0
349 0
0 0
0 0
0 0
0 0
446 767
752 0
710 0
991 244
50 0
596 0
237 0
952 334
680 651
21 530
62 0
0 0
0 0
857 140
0 0
95 0
798 0
39 0
0 0
0 0
893 208
562 888
825 0
269 0
482 514
0 0
343 0
845 891
863 0
532 191
0 0
0 0
299 0
113 0
0 0
272 0
923 998
889 0
0 0
0 0
298 606
42 0
168 0
2 652
0 0
467 0
167 13
0 0
788 243
673 0
0 0
0 0
956 259
490 979
853 716
247 0
0 0
679 64
0 0
687 340
0 0
0 0
584 634
0 0
0 0
238 0
745 384
967 899
0 0
0 0
693 0
0 0
380 0
212 336
506 0
774 0
600 61
994 0
0 0
722 629
0 0
0 0
650 872
480 0
0 0
440 636
929 736
81 862
0 0
0 0
861 714
0 0
585 0
0 0
0 0
492 257
132 0
445 0
732 759
785 968
144 0
4 951
915 702
0 0
966 0
363 0
496 554
978 0
0 0
451 0
898 615
460 0
850 236
84 0
0 0
690 0
519 982
475 279
0 0
25 38
0 0
222 848
632 0
0 0
286 649
0 0
938 0
522 147
0 0
322 0
154 659
344 435
795 283
0 0
628 158
0 0
0 0
688 253
176 256
718 901
40 841
0 0
707 838
178 897
729 333
0 0
909 0
0 0
499 52
605 312
721 89
0 0
82 20
96 329
0 0
895 0
0 0
407 0
412 0
476 887
963 0
779 0
666 0
0 0
664 0
0 0
59 218
0 0
531 817
868 0
976 79
786 0
0 0
0 0
0 0
911 335
993 368
498 0
0 0
0 0
565 0
0 0
0 0
704 0
587 0
643 9
749 55
581 844
386 0
766 0
0 0
697 179
0 0
0 0
775 0
0 0
0 0
0 0
669 0
0 0
261 239
750 0
783 0
0 0
0 0
432 36
658 668
0 0
645 410
0 0
0 0
744 539
941 633
0 0
305 0
0 0
720 206
350 689
306 0
0 0
484 225
904 146
318 712
0 0
127 0
0 0
110 665
49 0
851 0
0 0
0 0
348 0
501 0
957 177
0 0
502 0