10000 6564
1239 1207
2147 0
6326 8414
0 0
0 0
5181 4195
3798 0
8635 0
0 0
4811 0
209 6774
7574 2682
6485 0
4661 1276
0 0
0 0
8396 0
8018 0
0 0
0 0
9959 0
4590 4457
3605 5449
2642 0
2279 1566
5651 0
7054 0
4525 7248
0 0
0 0
7824 5995
1027 6295
8484 7730
2729 6999
1048 0
8152 7995
1213 0
6077 2721
0 0
2229 0
0 0
2617 0
0 0
7569 0
4567 0
0 0
7715 0
3525 0
0 0
0 0
0 0
4202 0
4422 7545
0 0
1171 0
0 0
0 0
4684 0
9212 1665
0 0
6047 0
8244 4928
0 0
8992 8586
0 0
5979 0
0 0
7678 9160
4637 2941
2699 2716
0 0
7476 1696
2431 0
3148 0
0 0
5064 0
8155 8652
0 0
5656 5948
9417 0
7785 3475
0 0
2463 0
7162 1262
3686 0
5926 0
0 0
5446 2397
4938 9937
0 0
0 0
0 0
0 0
9655 2181
0 0
6042 9324
3708 0
5699 0
1754 0
8432 7200
0 0
323 5771
0 0
0 0
1939 2362
835 0
5136 5928
0 0
8393 0
5063 0
2172 4735
0 0
8550 621
0 0
3300 2191
4135 3733
9392 0
0 0
5788 0
8397 0
2930 9492
6443 0
9453 772
0 0
4123 0
2756 7756
343 3409
4341 0
5219 8819
6704 3684
0 0
0 0
0 0
5720 6871
0 0
9061 9194
4000 3403
0 0
0 0
0 0
9095 0
1674 3779
610 8270
9175 0
5235 8739
7859 0
9732 0
2829 7142
4849 0
9266 0
0 0
0 0
0 0
306 0
3734 0
4607 0
7713 0
0 0
5045 0
2485 7253
0 0
0 0
9094 6767
7639 0
2075 8259
0 0
2426 5807
7511 0
9744 3679
2847 3576
0 0
9411 0
7681 0
0 0
1762 1060
0 0
0 0
0 0
7198 2363
3114 5896
0 0
3692 0
417 0
0 0
3312 4367
0 0
0 0
0 0
3938 1272
0 0
0 0
3044 0
0 0
2134 0
2511 390
8873 0
0 0
1145 1888
6860 1789
7944 2909
0 0
0 0
0 0
4136 0
0 0
7914 0
4440 0
6280 2793
6025 0
0 0
6721 5501
2760 7543
0 0
0 0
5153 7587
0 0
4517 0
2714 5711
7897 0
5007 0
0 0
9897 0
3156 0
0 0
0 0
0 0
0 0
0 0
7203 0
8087 4773
9118 8864
4057 0
0 0
0 0
8805 4087
1597 0
3238 55
4871 8733
7707 0
2366 0
828 0
0 0
2516 4896
9920 1981
7655 7281
0 0
1299 3954
0 0
2603 3139
9583 8088
0 0
8107 151
6203 0
8395 0
4447 0
8273 2751
0 0
3866 0
6795 2127
0 0
0 0
9182 1680
7279 0
2961 8969
3459 7669
4703 0
7612 0
1396 4991
0 0
0 0
2357 179
9281 5835
3536 1511
9117 2104
0 0
6479 4690
0 0
0 0
284 2213
3999 0
744 0
3121 2950
0 0
4442 9322
1663 924
0 0
3926 9796
4020 0
9483 0
6577 1553
357 0
9710 0
72 0
0 0
7251 4092
8759 7130
2789 0
9777 0
5145 7361
9587 1913
0 0
4162 0
7738 0
4551 0
3007 9547
0 0
2137 8427
7602 8254
5823 4363
4047 6606
6680 2802
6809 0
0 0
6785 1137
3828 9013
0 0
0 0
3335 2268
9197 1453
0 0
0 0
0 0
0 0
0 0
0 0
3875 0
7869 0
8568 139
1326 0
9546 8569
9023 0
0 0
0 0
2622 2394
5904 6554
4161 0
0 0
9137 9554
3090 0
0 0
2846 0
7922 0
9685 1482
1584 5758
0 0
4277 0
0 0
0 0
0 0
0 0
0 0
4900 1734
7741 2724
9926 5034
0 0
2190 0
7566 0
0 0
4384 0
4224 0
4624 1242
2244 5459
4178 0
8120 4330
0 0
6572 0
3098 0
6474 6228
1856 5919
4769 0
5284 0
0 0
147 3776
3363 0
0 0
0 0
9585 8269
1106 8935
8534 7685
1817 0
2292 0
4646 0
0 0
3541 2102
1178 7967
0 0
0 0
4934 848
0 0
5251 5601
2021 4407
7388 0
9088 4364
0 0
5676 8067
483 2031
0 0
3096 0
0 0
0 0
4633 6908
9628 3880
3296 9658
0 0
4428 3594
0 0
8371 7987
5451 994
3077 0
8778 968
0 0
9734 6270
8924 0
0 0
2928 3658
0 0
0 0
9082 0
0 0
7963 7588
0 0
9753 0
5101 6952
107 2257
0 0
3047 2199
9022 9382
8293 0
709 7968
0 0
0 0
5461 0
0 0
5613 0
0 0
6190 0
1638 0
8050 1257
370 0
231 3130
3773 8837
0 0
2757 0
0 0
0 0
3253 0
8816 0
0 0
5777 6309
0 0
1945 0
5632 615
8790 666
6548 0
6496 8100
0 0
6564 6954
2444 0
7871 9062
3159 0
0 0
8910 1614
8218 0
0 0
536 2560
1846 0
194 0
8198 1841
7092 0
5538 8216
3886 0
1175 0
6728 7074
5193 0
2578 6537
0 0
5519 6565
6306 0
4198 0
0 0
3645 0
0 0
0 0
4160 3670
247 442
5838 2778
9646 9187
3656 2819
8734 0
0 0
2061 0
0 0
0 0
9250 0
6028 0
6225 9079
0 0
0 0
6350 8839
0 0
0 0
1468 9497
2983 9409
0 0
0 0
911 0
6509 0
0 0
9669 0
9039 0
0 0
1439 9444
6661 1591
2163 0
2863 5103
0 0
1708 0
2153 9712
6495 0
0 0
4406 6049
2255 0
5497 906
708 0
0 0
0 0
1314 9214
0 0
468 6947
7627 0
6390 6670
8953 638
0 0
4377 0
1460 2464
0 0
1639 1747
0 0
0 0
3469 0
843 0
5094 0
0 0
4067 0
0 0
0 0
0 0
7525 8703
1216 0
5023 0
98 7237
9357 3890
9381 7619
0 0
5712 0
4975 1473
0 0
0 0
3046 1625
0 0
0 0
2446 0
0 0
8890 0
1970 1083
2683 0
6392 1241
0 0
8104 601
3558 4126
8931 0
9774 5279
8103 0
4321 0
0 0
3690 6312
6185 4201
3421 4218
7538 0
0 0
6526 0
0 0
9163 5857
3138 3480
4805 2019
459 0
4557 0
0 0
0 0
774 0
1561 0
0 0
0 0
7029 166
4620 0
0 0
3257 0
4668 4659
0 0
6873 1531
4604 0
5199 2231
0 0
2895 0
8667 0
0 0
8326 0
6097 0
9101 723
8871 2886
0 0
0 0
0 0
5272 0
0 0
0 0
0 0
0 0
0 0
9168 8796
0 0
140 947
3419 1446
5192 5961
8783 0
3093 4185
6206 0
9458 662
0 0
9484 0
3756 0
4118 0
8710 2562
463 583
6195 4873
7993 0
732 0
8158 0
8562 3838
1434 0
8972 0
0 0
0 0
3171 9682
4189 0
2133 0
8458 0
9253 0
0 0
7773 0
2091 5371
0 0
5943 0
0 0
2409 5898
3229 0
7353 0
0 0
733 4886
0 0
1105 0
0 0
6803 4177
6376 0
6075 7697
0 0
7959 0
9641 0
0 0
0 0
0 0
2435 0
6362 0
3855 0
0 0
375 0
0 0
1087 0
6975 940
7841 1055
0 0
1044 0
0 0
0 0
0 0
4865 3551
8827 0
2106 9500
9380 534
981 6676
0 0
775 0
0 0
8214 0
0 0
8085 5748
5804 0
0 0
6078 8321
359 0
7691 0
0 0
0 0
724 8312
3245 7059
1836 0
0 0
0 0
808 0
1431 0
685 4739
5266 8515
2808 9941
5172 7316
9349 0
5117 0
0 0
9785 1837
6424 0
0 0
424 1310
0 0
0 0
1943 0
847 0
5357 0
0 0
9844 5600
6438 697
5298 9446
1980 0
4257 0
0 0
4455 5438
5458 2437
416 0
1827 5373
8794 9476
9320 56
5099 9689
3274 4436
5755 0
0 0
5487 2026
2839 6052
4007 4068
5752 8543
2771 0
8052 5249
0 0
1899 3870
7551 0
0 0
6844 1467
8167 0
600 9180
0 0
4101 0
5412 6482
0 0
5876 0
2561 9133
1073 5751
6752 0
2727 4269
9810 7503
9172 5264
8086 0
4808 0
6686 0
4609 9675
0 0
4348 0
0 0
1865 0
0 0
0 0
0 0
5924 0
9914 0
3961 9983
9072 1983
0 0
0 0
1100 522
651 4809
0 0
0 0
0 0
0 0
5289 0
0 0
1362 0
2378 1604
0 0
1030 943
0 0
4029 6182
6761 6560
305 3983
0 0
0 0
0 0
0 0
6592 0
0 0
0 0
0 0
3193 8618
0 0
0 0
2737 0
8645 6566
0 0
0 0
0 0
6627 9375
1067 0
0 0
8301 0
0 0
347 0
0 0
2180 0
0 0
0 0
9992 0
0 0
1999 0
4755 0
0 0
7734 8631
0 0
0 0
5269 3557
0 0
2742 2867
0 0
2933 0
0 0
4878 0
5640 0
1713 903
4985 0
0 0
5878 4623
9945 2740
4466 0
0 0
6402 0
7190 9211
0 0
6176 0
5238 740
0 0
1344 0
6996 7385
9504 9860
6625 0
0 0
7468 0
2336 0
2545 0
100 5894
0 0
3687 414
0 0
1806 8369
3672 0
0 0
0 0
0 0
0 0
2956 5037
0 0
3970 5237
5675 2084
3230 0
313 0
8349 0
0 0
2359 0
9699 5055
7624 2579
4726 7313
6607 0
6597 0
0 0
9527 0
1464 6964
6378 0
0 0
3800 0
0 0
7046 9533
0 0
0 0
934 0
7793 0
2398 7644
0 0
2006 0
9 7362
8811 0
7005 0
8909 8267
0 0
6411 9238
2434 8590
3689 3766
0 0
0 0
0 0
0 0
0 0
8332 0
3597 2902
7224 5703
9973 0
9365 0
0 0
8628 3669
6181 6726
0 0
0 0
7087 0
7351 409
5914 6180
0 0
0 0
1727 245
7179 9938
0 0
3918 0
1275 0
5729 5631
6473 2946
0 0
3454 0
7132 321
5009 8887
5515 5158
1568 0
7400 7128
0 0
0 0
0 0
4807 6731
9379 4747
3133 1322
6089 5586
3040 0
0 0
427 0
0 0
4542 7622
2185 4939
1780 8430
2700 9260
0 0
8309 0
3444 0
3705 0
2361 8916
4445 0
0 0
0 0
2634 0
0 0
6751 620
0 0
5201 0
9953 0
6045 546
0 0
221 0
5532 0
1358 4950
9598 9724
7662 1113
6381 2618
6976 7754
0 0
6935 0
0 0
6644 9012
0 0
8305 5831
1492 0
0 0
1277 0
0 0
4459 0
8609 8711
183 0
2347 3530
9373 0
0 0
0 0
6147 4629
1678 8673
1474 4749
2800 0
3035 0
0 0
7356 0
0 0
0 0
0 0
0 0
1493 1050
0 0
0 0
6384 0
2953 0
9487 1539
4134 0
7783 6395
0 0
2067 8752
0 0
7847 823
122 0
68 2758
474 0
4022 0
0 0
1317 0
1425 5355
8500 0
2502 0
829 4360
0 0
9961 275
1961 0
0 0
3112 0
0 0
2891 0
0 0
9725 0
4465 9368
0 0
0 0
9151 0
2098 5588
0 0
0 0
2980 7259
2000 0
5989 0
5445 6777
0 0
5258 4043
7601 0
0 0
1285 0
5967 4822
0 0
4995 0
3499 0
1042 0
0 0
4024 0
8914 0
8339 0
649 0
8762 4082
0 0
4456 502
5498 0
0 0
4241 0
175 0
0 0
0 0
1188 4978
4708 0
5340 8304
8880 7812
1915 8122
6933 5930
0 0
0 0
541 9226
8912 0
0 0
5655 0
0 0
8374 243
5001 0
0 0
0 0
0 0
5452 8997
4689 751
743 0
1382 0
7628 0
0 0
2380 6034
5460 0
0 0
0 0
7872 7688
0 0
5636 0
4907 0
2356 8352
2569 0
1282 6587
0 0
1361 629
5817 0
9788 0
8797 0
0 0
4148 0
0 0
7234 0
6608 6419
0 0
3519 9247
5983 9807
0 0
7328 1136
2639 4639
9003 0
5432 0
6584 0
1585 446
6161 2315
8809 5263
6599 4672
4968 9927
5020 0
6832 1547
0 0
4106 0
0 0
3975 0
0 0
0 0
0 0
2766 0
2216 0
1367 4063
3565 0
0 0
9243 7287
5137 0
5659 0
0 0
0 0
4589 3341
5580 0
3688 759
0 0
9309 8867
0 0
0 0
3226 4431
3292 0
0 0
1158 0
8109 5170
4435 0
9209 0
9015 0
3482 7500
0 0
6557 0
9915 2004
0 0
4932 3736
4085 126
0 0
6253 2586
0 0
0 0
8129 0
5669 1289
0 0
0 0
0 0
2520 0
0 0
0 0
0 0
9441 7778
0 0
7849 4838
5757 2461
7996 3484
7531 7061
0 0
3472 0
5524 2139
0 0
1779 0
694 3441
0 0
229 0
7675 0
7763 1170
0 0
0 0
948 2811
8587 0
1302 1465
559 7835
3632 0
0 0
9148 0
3987 0
0 0
0 0
3223 7108
588 0
0 0
2774 1987
0 0
4157 1835
302 0
4910 0
5174 0
5483 0
3147 0
0 0
1560 0
9510 0
6790 5297
352 0
870 5430
0 0
5106 2297
7170 6776
6637 0
2976 2720
917 0
0 0
6559 14
956 2927
8138 0
5694 0
4757 0
6175 6217
0 0
5397 9778
0 0
4644 0
8400 1191
3933 7862
3992 0
2222 7277
7431 0
0 0
0 0
6977 0
8124 0
1593 0
2314 0
652 0
0 0
2174 0
0 0
2015 0
6353 9827
0 0
0 0
9334 0
2698 0
6876 0
7367 7440
3269 0
9604 0
2411 8520
9602 0
1668 0
3272 0
8704 3172
4750 0
0 0
0 0
0 0
2045 0
8852 0
6763 0
4088 7553
932 0
2503 0
9223 0
3728 5495
3200 0
8131 0
5808 998
8294 0
3535 9201
6579 0
4339 4720
0 0
3218 4030
6183 7120
4151 6221
0 0
5624 5189
1570 0
2012 1843
7616 0
0 0
3405 0
938 9837
7564 0
4740 4728
0 0
6515 9073
7481 0
0 0
1815 0
9885 1788
7946 6459
0 0
6862 0
7016 1471
0 0
0 0
8081 4439
0 0
0 0
8921 453
6733 9951
4960 1523
0 0
0 0
6248 0
0 0
5552 9831
3888 6973
0 0
5004 5542
0 0
5837 3807
0 0
6445 1649
0 0
9616 0
1548 0
4343 0
8111 9355
195 0
0 0
825 0
0 0
9350 5518
8615 1984
6112 0
7093 1509
246 0
6055 7671
0 0
3713 881
9145 9218
0 0
8623 0
6972 1485
0 0
3614 130
0 0
3301 6492
5168 4124
1301 8197
1852 0
0 0
2373 0
2400 0
7906 1423
7573 0
0 0
0 0
7404 8201
0 0
105 0
228 9745
587 3810
0 0
3488 0
4921 1861
6004 0
8475 2879
0 0
344 0
4426 0
0 0
4916 8595
0 0
0 0
6083 783
0 0
298 0
2797 4246
0 0
0 0
1204 0
4977 0
6114 0
8170 0
9301 6941
8570 0
2456 7141
1791 0
19 9947
0 0
3152 2755
0 0
1948 0
0 0
682 7075
3963 20
0 0
2262 9391
8870 0
5163 3508
8215 2038
5343 9360
0 0
0 0
4245 0
6272 7045
0 0
0 0
259 0
2085 8825
362 9826
0 0
255 0
0 0
5793 0
6742 1918
9414 2874
40 8709
4722 0
4612 0
396 9739
1215 8719
495 0
7434 7656
6843 7088
5276 0
9386 0
9949 2121
494 0
0 0
78 0
3213 9802
7806 9410
4793 2551
5469 8502
7453 0
7169 0
9174 2918
1522 9524
3437 0
777 5051
5352 3948
4285 1529
0 0
3763 7102
6525 0
0 0
6934 929
7621 0
1699 7768
5610 516
9051 0
0 0
5394 3263
6332 8583
0 0
8621 5261
0 0
3383 2303
7309 6944
7816 0
7990 0
0 0
6276 0
145 6942
0 0
5466 5344
1881 0
0 0
0 0
8001 3761
8236 0
0 0
6679 0
0 0
0 0
0 0
0 0
827 8178
8781 5026
0 0
658 0
4433 0
6892 9468
0 0
4232 8788
6535 0
0 0
7152 9119
7860 2552
0 0
0 0
5331 3476
6062 0
3422 0
8844 0
0 0
6336 7306
1320 0
0 0
5629 0
4855 0
7523 0
8547 7779
7673 8539
4892 2003
0 0
0 0
0 0
7280 0
1675 0
5799 6518
6980 3527
9263 2030
0 0
6706 6152
2769 0
0 0
8575 0
4114 0
7020 0
4694 0
4034 0
0 0
0 0
0 0
0 0
8899 0
0 0
4588 9562
7455 8372
9108 0
9124 3724
0 0
0 0
7483 4451
90 0
927 9106
0 0
8354 2571
678 9757
0 0
2632 8412
3313 0
4693 0
0 0
0 0
2877 755
7969 7055
3089 0
8264 0
9594 9570
0 0
6910 0
3030 5868
8998 8461
0 0
0 0
0 0
0 0
0 0
0 0
7358 0
425 5906
7189 0
0 0
4064 3955
2204 9703
6578 0
0 0
0 0
6784 9794
4597 0
0 0
4592 0
5774 3305
3134 2390
0 0
0 0
0 0
0 0
0 0
0 0
0 0
0 0
9310 6018
923 7429
0 0
1723 0
0 0
0 0
0 0
7781 7446
9713 1642
2610 0
3841 0
0 0
5427 0
0 0
2281 0
3797 9269
0 0
0 0
0 0
3246 6259
1581 4236
0 0
0 0
6040 0
7488 6787
5713 0
0 0
2385 0
0 0
7787 0
0 0
5419 0
0 0
0 0
8964 0
7438 2438
5493 8691
6924 0
9769 4084
4409 8356
5488 971
0 0
4362 2525
8990 0
0 0
5311 8181
2101 30
7450 1279
0 0
6769 0
8556 0
0 0
2830 0
7803 2651
3071 0
3872 6893
0 0
7420 6989
7813 9879
1495 5762
0 0
0 0
0 0
6265 2115
2849 3254
9251 0
5887 0
0 0
0 0
7743 3280
2418 0
4342 4042
0 0
7684 959
7831 3163
0 0
0 0
0 0
0 0
0 0
0 0
4038 2248
7978 2228
0 0
0 0
1848 8675
2323 5038
0 0
5735 0
4311 6391
1579 0
0 0
1076 0
0 0
5144 9038
8219 0
0 0
0 0
7603 0
5231 0
5316 6113
764 0
3324 6330
0 0
1869 1610
5243 1432
1805 0
2462 2479
6497 0
1128 0
3288 9829
2713 0
5820 0
5348 1669
0 0
0 0
0 0
0 0
7173 0
5679 3041
4789 0
1104 0
0 0
2051 0
3787 0
813 0
2029 0
0 0
6333 4302
0 0
0 0
8939 4785
2990 0
6222 9733
1487 0
0 0
0 0
0 0
0 0
525 0
2310 2989
0 0
0 0
2278 0
7126 2585
2062 8261
2919 9208
2073 1332
8581 9166
3359 4414
4458 1871
0 0
2368 3596
6811 0
6048 5764
3399 0
7456 0
0 0
0 0
3483 9169
9412 991
6668 0
5110 7956
3298 0
0 0
5565 0
2382 0
0 0
7819 3106
4961 0
5737 5908
0 0
1790 0
1413 7334
2032 8888
0 0
0 0
0 0
0 0
0 0
6486 3236
7647 0
0 0
7011 0
8767 5622
0 0
1730 7653
8290 0
0 0
0 0
0 0
0 0
1221 1141
0 0
0 0
4857 7345
0 0
3432 0
0 0
8524 6277
0 0
0 0
0 0
0 0
0 0
0 0
7907 0
0 0
0 0
3572 684
9823 0
0 0
0 0
0 0
4374 3319
8830 0
1180 0
0 0
1069 780
2156 2653
9750 0
0 0
0 0
8280 0
0 0
5692 5478
9936 0
9059 0
3940 1957
2425 901
0 0
0 0
0 0
8246 8471
0 0
0 0
0 0
0 0
9538 9684
2559 0
9531 471
982 4041
0 0
0 0
5414 21
0 0
9718 9688
9798 5526
976 0
1620 5936
606 2131
1508 0
0 0
0 0
0 0
1263 0
2187 0
3065 437
9014 0
5454 0
6905 3283
0 0
3652 6151
0 0
7150 0
0 0
0 0
9690 6551
3262 0
0 0
7679 0
0 0
1041 7584
1005 0
0 0
4129 0
47 3217
1252 2955
0 0
9929 523
8604 0
5934 0
0 0
0 0
1476 3865
2059 3303
7873 0
1247 3244
0 0
0 0
0 0
0 0
5527 0
0 0
397 0
4791 0
0 0
4149 0
0 0
5252 2036
5205 6927
0 0
3402 9576
7462 4223
0 0
8283 8922
5066 0
9919 0
6997 0
6878 2710
4833 6563
915 0
0 0
0 0
5862 9343
0 0
0 0
7276 1867
6189 0
0 0
2064 0
6134 0
0 0
8532 62
0 0
1371 111
8602 9216
0 0
5310 0
0 0
6001 256
340 0
7064 3727
0 0
7317 0
0 0
0 0
0 0
762 1284
7175 1814
0 0
0 0
0 0
9338 3546
5741 9965
9275 3619
805 0
0 0
711 2645
0 0
24 3730
0 0
3474 0
8439 3916
1953 0
5361 203
8108 7051
4997 0
7379 0
0 0
1693 7997
0 0
3006 0
0 0
4147 7576
0 0
1146 2056
0 0
0 0
1172 8151
0 0
0 0
2703 0
4163 6614
9155 6982
0 0
9849 0
0 0
9522 0
2864 161
4076 0
2911 1777
8720 0
0 0
0 0
0 0
469 9736
6759 0
0 0
9530 2372
6488 0
0 0
6422 0
0 0
7881 0
0 0
0 0
44 6602
8274 0
0 0
1795 0
254 0
2901 0
9591 8688
0 0
0 0
0 0
8552 5216
0 0
0 0
16 769
7953 7070
9196 402
2294 0
0 0
0 0
5841 0
2834 2744
8808 3397
1004 0
2531 5514
444 0
0 0
0 0
2052 3917
7549 0
0 0
5779 0
0 0
1404 0
0 0
7157 0
9285 0
0 0
0 0
0 0
0 0
2396 371
7106 0
5472 944
4404 196
0 0
3260 0
0 0
7497 0
2354 9934
3977 0
4768 4272
8958 0
4717 1996
0 0
7131 1577
0 0
3420 0
0 0
8566 0
2035 0
5583 497
1065 8798
0 0
0 0
0 0
1595 0
0 0
9539 0
132 0
3465 0
6758 3843
7024 0
5378 0
1243 281
0 0
4600 0
0 0
0 0
319 2254
9624 1864
384 8238
4119 0
9435 0
4467 8047
3316 8223
5240 0
0 0
5072 0
6155 2541
1673 3108
0 0
0 0
8028 8420
4464 0
8048 1952
8331 8436
0 0
548 4665
8431 0
0 0
3215 6026
7971 2926
0 0
8143 7798
2256 7187
6928 0
7764 0
2999 8227
0 0
4999 2862
2897 0
8942 187
103 8533
1166 1116
9786 954
7755 0
6662 236
0 0
0 0
0 0
0 0
5797 0
0 0
4666 0
8690 9221
6671 9923
0 0
4145 0
0 0
2734 6328
9704 0
0 0
0 0
0 0
0 0
3879 0
0 0
0 0
5294 3959
0 0
4958 7607
6418 0
0 0
9289 936
8251 0
0 0
220 6
8089 0
0 0
9420 0
3388 0
3043 2007
6512 0
0 0
9053 7742
1017 4138
0 0
0 0
0 0
4946 9257
0 0
8742 4891
3221 1391
4587 663
0 0
1778 0
7513 0
9557 5877
9237 8571
0 0
4243 0
112 3984
0 0
655 0
2005 6325
0 0
0 0
3752 6046
4500 3654
0 0
0 0
0 0
4140 0
0 0
0 0
7260 2140
0 0
0 0
7752 9647
8723 925
0 0
5080 0
0 0
0 0
0 0
4996 0
0 0
0 0
2536 9930
9970 4674
0 0
3771 0
2476 6932
5744 3440
1444 6400
4468 0
6775 6246
2393 0
7370 0
0 0
1035 4622
1617 0
0 0
0 0
596 0
0 0
0 0
0 0
46 873
0 0
3825 0
0 0
0 0
0 0
0 0
0 0
0 0
4652 6013
0 0
0 0
6760 0
0 0
3368 3039
9864 0
0 0
7004 0
9702 9354
0 0
0 0
7722 0
4390 5280
0 0
9692 0
3315 6385
8030 2823
0 0
0 0
0 0
1771 3796
6569 0
0 0
0 0
6700 1652
8426 1012
0 0
7242 6150
0 0
6452 7522
0 0
61 6420
4981 0
1193 5030
7724 0
2383 0
2739 0
7376 0
6145 8928
460 0
4854 0
0 0
2037 0
0 0
4562 5492
8413 141
6643 0
2333 4918
5360 0
3080 0
0 0
7204 0
8801 4599
5392 0
3085 1499
5716 0
1986 1006
9284 0
4369 0
0 0
8327 3190
6853 0
0 0
6840 0
0 0
7891 5684
6834 4912
349 8450
7366 7348
0 0
2880 3606
9590 8553
0 0
0 0
9152 9485
6505 0
8023 0
0 0
0 0
833 0
0 0
1966 0
2940 5657
1971 0
7965 3794
5325 0
550 6050
8929 6204
7912 0
6819 3091
0 0
5770 9028
1410 8677
258 0
8343 4959
4922 1551
4796 4877
7702 0
0 0
9372 1208
4027 8967
8411 0
8168 2670
3941 5717
1849 4192
6122 0
0 0
5644 2288
223 9825
6920 0
2473 6366
0 0
0 0
5985 0
0 0
6617 0
9450 2388
0 0
2128 8068
1304 4519
0 0
1930 0
0 0
8212 0
7023 0
0 0
7484 0
3976 219
5424 7591
0 0
0 0
6899 0
6067 0
0 0
8351 2169
0 0
5169 0
7506 7784
526 0
0 0
9171 0
6672 1726
4732 0
2495 0
0 0
0 0
0 0
3629 6058
0 0
5958 415
7272 0
0 0
0 0
0 0
0 0
9058 0
0 0
0 0
8661 0
0 0
0 0
3104 0
0 0
1537 5849
2387 597
1946 2375
5418 7398
3777 0
290 0
0 0
2078 0
1192 0
4541 0
1020 1008
0 0
0 0
0 0
2997 7943
5567 4444
399 0
9994 0
9272 0
0 0
0 0
7884 1677
1354 0
0 0
0 0
2054 0
1661 1882
5805 0
8657 0
0 0
7667 781
8079 5728
3140 2664
7682 0
0 0
361 1706
0 0
6613 99
3847 6084
9697 0
4051 0
0 0
4940 0
7355 6764
3349 0
2564 0
6016 8139
5021 0
7191 0
5619 4336
5324 492
5959 0
7218 0
6595 0
0 0
7026 0
8740 0
9579 88
9083 2126
5141 8545
3538 0
3759 4368
5617 0
0 0
1498 0
0 0
4641 8235
1394 0
0 0
757 0
4069 0
8350 8594
0 0
0 0
5984 1549
7547 0
0 0
7447 441
3638 0
2241 0
2631 2167
7792 0
0 0
0 0
9040 0
0 0
7135 0
0 0
0 0
5933 779
7606 0
1255 0
7658 6917
6064 706
1316 5299
524 41
8478 0
1258 0
0 0
2022 0
0 0
7820 0
4790 0
4216 0
5769 0
5056 2488
119 4290
0 0
0 0
4352 0
4926 6334
3489 0
0 0
8793 0
603 1603
0 0
0 0
0 0
0 0
0 0
2350 2816
6238 5135
0 0
8399 0
8584 0
3778 0
2109 0
9185 0
3892 5386
885 5485
7805 0
0 0
2236 0
6196 0
9811 8459
0 0
3651 3842
0 0
2711 5013
0 0
8275 2377
0 0
8917 2993
2656 3083
0 0
8162 5363
1743 0
1440 3446
4495 3017
0 0
0 0
2087 0
9452 4733
3583 7176
0 0
5890 0
7247 7323
528 0
4575 0
0 0
1010 0
0 0
0 0
2053 9057
5262 1796
3019 0
6966 963
9707 0
0 0
8031 5511
0 0
3590 5138
9089 0
6773 0
9135 2395
0 0
0 0
8441 0
0 0
0 0
0 0
9771 382
0 0
3640 0
6073 1329
4474 0
0 0
0 0
0 0
3082 0
6756 7654
0 0
0 0
0 0
9325 4527
0 0
8437 1058
0 0
0 0
0 0
6149 0
0 0
0 0
6063 4983
6342 0
0 0
3485 0
5951 5376
0 0
644 9066
0 0
0 0
0 0
2963 0
0 0
1847 0
5109 8359
0 0
181 0
0 0
8171 4292
440 0
0 0
4868 2948
4393 6450
2346 4037
0 0
3350 0
0 0
7003 0
0 0
9313 4346
4819 0
9455 1892
9709 0
2932 77
3353 6299
617 0
8883 0
1090 4516
9384 7375
5834 0
2532 9995
3932 9799
310 6439
9499 7412
5482 5848
26 0
1224 8429
6460 1079
9569 5018
7273 0
3731 81
0 0
3755 2678
5447 9657
0 0
0 0
0 0
2471 5128
3157 0
7866 0
3025 2722
532 1339
4800 0
8115 4097
1557 5084
0 0
2249 3115
0 0
4536 0
0 0
1654 8419
6356 2082
0 0
9008 0
6293 4664
0 0
0 0
0 0
4130 0
2530 7304
0 0
4880 0
9784 2144
0 0
8668 0
7172 0
0 0
4188 0
6184 0
0 0
0 0
5952 0
0 0
5806 0
979 5846
0 0
4676 0
3945 6998
0 0
0 0
6209 7122
0 0
0 0
2570 5065
0 0
8564 2582
6240 0
3328 8840
6730 1398
3295 0
0 0
0 0
790 4947
7548 0
3178 0
0 0
8095 0
5626 2626
966 0
6919 0
7766 29
0 0
3162 7570
0 0
0 0
0 0
0 0
0 0
337 0
6493 1920
9215 0
6054 0
0 0
2343 0
0 0
3919 0
2219 9006
2177 0
7028 7432
9385 1149
0 0
0 0
5178 4299
593 0
0 0
7925 0
0 0
0 0
2203 8957
0 0
8572 0
0 0
5533 8213
9363 3445
9240 200
0 0
7047 0
0 0
5581 0
0 0
5667 1070
0 0
9443 0
0 0
5162 0
5265 5746
0 0
539 0
2794 6663
0 0
7705 0
1062 0
5042 7196
0 0
0 0
0 0
3502 0
0 0
8610 9686
0 0
0 0
0 0
7299 6983
1929 0
0 0
0 0
0 0
0 0
5283 0
0 0
0 0
0 0
7221 7788
0 0
5431 0
0 0
0 0
0 0
1902 0
0 0
6552 0
1323 6428
0 0
0 0
4974 0
0 0
3111 0
5736 0
0 0
6619 0
117 0
0 0
0 0
4334 0
0 0
0 0
1898 0
9463 0
0 0
0 0
7600 4498
4528 0
6281 0
1636 0
3830 0
0 0
9866 0
7202 3513
656 5665
2117 0
0 0
3462 6864
7850 8453
9975 0
815 7828
4031 0
804 0
0 0
6170 0
9868 0
0 0
2779 0
8237 0
3067 6673
2296 4261
3037 9173
5125 6755
2705 7183
4875 0
4504 2324
1157 9787
8199 0
232 0
0 0
6430 0
5824 2904
3718 0
3443 0
3277 0
0 0
9256 0
1545 0
5742 7201
5521 0
0 0
6019 9434
3517 0
4537 5541
0 0
3308 3118
7863 7227
8902 9619
4371 0
7180 1590
630 7032
801 8842
7160 9336
0 0
1052 5590
8655 0
3507 0
0 0
9128 741
0 0
0 0
7665 8184
6080 4502
8868 0
0 0
0 0
6440 0
7919 8385
3678 0
0 0
2574 0
0 0
0 0
3227 9001
7856 0
4903 3817
1826 0
0 0
0 0
756 9957
9540 0
0 0
7893 0
9906 8503
5319 912
3038 0
7811 0
1110 0
5085 7966
0 0
1111 1319
0 0
1420 3587
8207 0
3158 0
586 0
0 0
7842 0
5368 0
8724 7110
4484 0
0 0
0 0
406 0
5575 0
7303 8036
1375 208
8736 0
4120 0
8872 9560
0 0
8310 6088
5332 6798
0 0
7843 8063
9910 6095
0 0
0 0
9048 4798
9738 6120
0 0
0 0
0 0
0 0
2512 0
1714 0
0 0
1809 4234
7578 0
0 0
5455 3835
3552 7307
4244 0
1889 13
5091 0
1921 8147
9578 0
8182 8741
0 0
1458 7073
8857 0
3840 5256
8443 0
6129 821
1657 0
3180 0
8119 9828
8614 8009
0 0
0 0
4337 6929
4518 0
2215 0
4280 3913
0 0
3011 4973
8649 0
6951 1164
2791 5864
624 1121
0 0
4354 4678
7393 0
0 0
0 0
7544 0
4906 0
4008 0
0 0
4083 7148
0 0
0 0
0 0
1923 8064
6994 4756
7096 3809
3107 7027
965 2432
0 0
0 0
2962 0
0 0
3804 3396
0 0
0 0
969 0
7962 2166
0 0
7320 0
9337 4613
5566 0
180 0
1781 1303
1115 138
0 0
2417 3412
5428 0
4110 0
0 0
2316 7605
0 0
0 0
2100 0
0 0
4275 0
0 0
8183 0
6530 0
0 0
0 0
0 0
0 0
7561 0
0 0
5584 0
365 7955
0 0
0 0
6205 8222
6882 9438
0 0
8831 5006
3487 4392
5937 9199
2825 6264
0 0
0 0
6380 0
5025 7700
3099 2170
3145 0
0 0
0 0
0 0
1023 0
0 0
0 0
5499 0
9296 7937
0 0
8705 0
6573 3613
0 0
5273 874
6302 8470
0 0
0 0
7223 0
1187 0
5359 0
0 0
493 0
0 0
0 0
1919 3860
6033 2772
327 0
0 0
0 0
6096 6715
0 0
0 0
0 0
9636 0
1129 0
6232 2252
4569 7780
8501 253
0 0
0 0
0 0
2799 3464
0 0
6316 0
5962 3059
961 0
1916 0
3378 4013
9629 4482
6320 9471
6365 0
1725 0
0 0
0 0
904 1742
5388 0
9660 2240
0 0
0 0
0 0
0 0
0 0
9668 0
0 0
0 0
2483 5810
276 8376
489 0
9486 9359
2661 9274
0 0
1068 0
9494 6544
0 0
7876 2321
9132 0
7629 0
4370 3720
5783 0
3092 8486
1306 0
7308 0
2499 2964
0 0
8656 0
2557 0
6393 0
8298 0
0 0
699 0
9303 0
4323 8196
7834 0
3456 0
7117 3395
9198 0
4847 9801
696 6200
0 0
5254 2596
9261 4989
7905 5830
3189 0
0 0
0 0
0 0
3907 2227
7371 0
8422 5690
7452 9311
1572 0
0 0
0 0
0 0
0 0
6782 6483
0 0
401 8462
0 0
768 0
0 0
875 2016
1578 0
0 0
8714 0
0 0
9259 0
0 0
0 0
7651 0
0 0
5160 0
1717 8353
0 0
4929 8454
0 0
0 0
1436 201
1416 0
0 0
0 0
0 0
7477 0
0 0
6691 871
7124 0
6788 9026
9204 681
0 0
0 0
2430 0
0 0
5628 4824
5150 0
1924 6490
734 5130
0 0
7066 0
5226 0
5923 2441
7889 3505
379 0
2921 892
4453 0
0 0
0 0
2743 0
3311 0
8521 0
6631 0
0 0
4883 0
7346 0
7598 0
3946 5200
4081 5204
7341 0
2763 5221
0 0
0 0
0 0
1938 1516
6666 0
0 0
3682 0
0 0
4220 0
5457 0
0 0
6455 7974
4014 0
0 0
3182 0
5494 2821
6242 0
3973 0
3063 5186
6139 0
2150 3760
9758 8038
3084 6187
499 1047
7459 5976
5803 9342
3055 0
9268 9755
0 0
8423 0
4026 2193
0 0
0 0
0 0
2937 8319
4028 0
6020 0
0 0
148 2269
0 0
324 776
2831 0
9797 0
7736 4846
3867 7791
4971 6883
8576 8542
0 0
556 6273
565 0
9007 0
0 0
4314 0
0 0
3602 765
4355 6546
7139 3621
4815 0
555 5954
2039 0
0 0
5146 7721
5597 2186
6653 995
6121 0
6879 0
8589 0
8457 0
8626 3993
3496 8344
5885 9280
5422 0
0 0
0 0
0 0
0 0
0 0
1900 5549
4094 6536
9700 1989
7333 5382
3699 7166
0 0
0 0
0 0
2399 8755
6581 5194
0 0
0 0
9998 0
0 0
3562 0
7908 0
0 0
5389 1419
7374 2493
7883 1890
0 0
0 0
0 0
0 0
8893 8846
1210 0
6257 9127
9191 5282
9297 8560
0 0
0 0
1558 0
7687 2392
0 0
0 0
1801 0
2589 0
4273 6344
5570 0
0 0
0 0
950 5564
9978 0
3358 0
7222 0
0 0
5611 9663
0 0
0 0
8445 0
1386 9405
0 0
9924 2379
205 509
3116 0
7199 4358
8284 1462
3774 3299
8727 264
0 0
0 0
0 0
0 0
0 0
0 0
8574 0
3768 749
64 4523
4655 7583
7209 0
0 0
563 0
9976 0
8821 0
3275 1828
1288 7336
2449 6792
669 0
35 0
9858 7556
3473 0
0 0
5296 0
9870 0
0 0
0 0
0 0
7771 0
8401 0
0 0
7017 0
800 0
538 8303
9179 1623
3523 0
0 0
4263 5166
0 0
0 0
436 6762
9465 0
8744 0
5863 0
0 0
6211 0
1613 0
6915 0
3506 6502
0 0
5462 0
5695 2538
3463 1685
4478 0
0 0
3500 0
3398 0
4984 0
9098 0
4901 9901
0 0
540 0
2905 0
3352 5385
0 0
2197 3762
4173 3707
0 0
0 0
0 0
7392 0
3753 4385
3060 1536
0 0
0 0
0 0
3001 9377
3571 0
4463 0
0 0
988 2803
0 0
293 0
49 4293
10 0
0 0
8059 6880
3255 3903
0 0
8187 2843
8205 1408
0 0
0 0
2267 174
3704 0
3923 0
1787 3064
3969 5322
9749 0
0 0
9078 8483
4340 0
9932 8053
6901 0
5435 0
2344 0
8526 0
8647 383
6030 0
3974 0
5982 0
0 0
1177 643
5710 8802
8451 0
9193 0
3988 6340
1165 0
4298 0
3252 0
9134 0
0 0
9606 2665
4103 8702
9114 5500
0 0
8297 0
5660 4176
6269 7215
1219 7310
0 0
1954 0
4289 6192
545 0
0 0
5648 5568
897 5733
7343 3451
0 0
1094 0
6907 8712
9916 9845
9416 0
9358 2801
0 0
3355 0
2271 0
0 0
8418 0
8161 5405
9488 0
0 0
2623 0
0 0
374 7153
0 0
5776 0
9515 0
7595 7402
0 0
990 6375
0 0
3207 2352
0 0
0 0
5996 2712
3314 0
7882 0
9581 2218
6962 0
9852 0
725 4572
0 0
3054 4501
7168 0
3056 7417
0 0
0 0
1318 0
0 0
3267 1912
5666 8444
0 0
0 0
0 0
6709 1802
1804 6645
4881 0
0 0
0 0
5313 5019
5839 0
115 2148
9933 0
4686 2416
6226 9016
9902 5364
2547 0
6961 8097
8878 0
0 0
0 0
0 0
8760 0
0 0
9477 0
3767 8642
0 0
8044 9222
0 0
9466 0
1491 0
0 0
8650 657
0 0
7875 0
2165 0
0 0
4267 7084
9244 0
4410 0
0 0
9898 1757
8672 2130
7480 4845
0 0
9074 0
0 0
0 0
4054 0
8523 7829
2952 0
6359 0
6397 5380
0 0
7112 4079
4003 3224
5639 0
5973 0
0 0
3285 0
8173 0
0 0
8221 4164
0 0
1974 3781
0 0
0 0
3105 0
7539 1906
0 0
0 0
0 0
2899 0
0 0
0 0
0 0
7652 0
6904 0
0 0
9390 2043
9899 0
4059 0
8777 0
0 0
0 0
5829 3769
0 0
5489 0
2280 0
2360 215
8866 1325
4194 2873
101 0
5843 0
9231 0
6289 326
0 0
0 0
9529 202
0 0
9925 191
0 0
8490 0
432 0
993 0
1580 0
17 0
8394 317
3859 9436
33 0
6716 0
8169 0
6178 5151
8683 0
3772 0
1039 0
0 0
670 0
3567 3909
216 0
0 0
0 0
3616 5941
585 0
4792 0
7290 0
5875 0
0 0
1218 4461
8756 712
0 0
1785 0
0 0
2110 9460
3243 2233
6278 6946
9928 0
3151 4563
3723 989
3921 0
862 1227
8544 0
1451 7052
1269 0
7789 1091
9271 0
8622 2482
558 0
106 763
0 0
1261 4448
5465 5002
2002 7285
4682 4255
5068 0
0 0
7840 0
9817 3020
8493 1457
0 0
1701 5504
9566 9768
0 0
9856 0
3625 0
322 0
9588 9625
3109 0
2978 0
0 0
0 0
1231 3070
421 0
4606 0
0 0
9178 4227
3003 190
7634 8717
6094 3995
0 0
691 0
0 0
4888 8920
7149 4305
693 1858
0 0
9613 8665
7709 0
0 0
8191 8792
4594 0
3000 0
0 0
0 0
8232 7001
0 0
9988 0
3738 0
5471 0
3498 454
5513 0
0 0
0 0
7195 1601
2533 0
9027 0
36 9224
5228 4767
791 8452
3247 346
0 0
1793 0
5242 9292
0 0
96 2086
0 0
7746 6321
0 0
7903 1401
9847 4803
3891 9299
5686 4627
0 0
0 0
4260 0
0 0
7416 0
792 4389
9105 0
7923 0
3861 0
0 0
1709 1291
7524 6462
3287 0
718 0
4535 0
4492 0
1753 0
3789 0
6754 0
8487 3318
8947 0
9626 0
0 0
0 0
339 2196
9396 1893
0 0
4864 0
6815 0
0 0
7964 0
0 0
3204 5634
0 0
9907 5825
7837 3187
7790 7650
9122 0
8118 51
0 0
5401 9950
0 0
5851 0
0 0
7322 0
0 0
0 0
7107 8874
0 0
2693 0
5563 5456
0 0
2845 0
5239 5858
9004 1033
5173 4326
6988 2097
443 0
9650 5159
9207 0
0 0
0 0
0 0
3512 0
8054 0
0 0
3493 1096
0 0
878 7383
0 0
0 0
1505 9086
0 0
0 0
4009 0
3792 0
0 0
5968 3360
6772 0
8456 8670
1447 926
9814 3387
8206 0
0 0
3826 9469
2207 0
0 0
372 0
0 0
0 0
4840 0
5033 0
8946 0
0 0
1297 9481
0 0
3457 0
0 0
8464 0
6810 4167
4045 8008
0 0
7952 0
0 0
2733 6415
6099 0
3404 0
0 0
0 0
4700 7019
0 0
0 0
7845 7692
8121 368
0 0
3739 342
438 0
6531 0
6396 6638
0 0
8037 972
0 0
5812 0
0 0
8381 1082
1749 9977
7961 758
7769 9559
984 2251
589 2040
0 0
8619 0
0 0
7879 0
2697 0
0 0
0 0
8345 2239
0 0
7575 6857
0 0
0 0
8202 849
1201 4830
1449 0
0 0
0 0
5888 0
9513 7699
0 0
7099 4418
0 0
3747 0
0 0
0 0
6132 5275
0 0
0 0
7386 6835
5809 0
4828 0
6435 0
0 0
9607 2629
5203 0
8075 0
9716 9535
392 0
2162 1117
0 0
6214 8045
0 0
566 0
0 0
8855 3237
0 0
713 8188
1233 4799
4987 8663
7134 0
0 0
0 0
0 0
0 0
0 0
5978 4826
0 0
2419 0
0 0
0 0
3584 0
4499 9046
7991 9909
0 0
6022 149
0 0
0 0
1655 0
0 0
7295 0
8721 3290
0 0
5528 5842
5426 1385
0 0
7225 2900
0 0
1653 1223
0 0
6115 1862
350 0
3663 0
7984 5143
6135 0
0 0
0 0
2931 0
1573 0
0 0
5672 2080
9659 2958
7473 7349
6468 0
0 0
6465 0
0 0
9944 0
2348 6867
9582 6271
0 0
3393 0
5591 435
1159 0
0 0
1268 0
4962 7530
8160 953
3406 0
3848 0
0 0
6881 0
6480 1138
0 0
0 0
3477 0
6427 0
795 0
2746 411
0 0
0 0
0 0
5393 0
2501 0
5442 0
5569 7560
23 0
0 0
0 0
0 0
0 0
8 0
5604 0
1686 0
0 0
267 0
0 0
2027 5946
819 0
0 0
3256 0
0 0
3915 1309
9869 6778
0 0
0 0
5078 0
0 0
9656 1544
8648 0
0 0
6354 1956
1240 7217
1897 8128
7263 3061
5935 0
3668 0
0 0
0 0
0 0
1007 8268
4399 0
9370 8406
0 0
8540 8613
3069 0
0 0
5939 8496
1497 0
1616 0
314 6869
9080 0
9456 0
650 7274
0 0
0 0
1194 0
6533 1800
8680 1366
0 0
0 0
2856 6174
0 0
7463 8316
6829 4894
8166 2521
5507 7887
9608 0
0 0
0 0
2107 3079
4505 3418
0 0
9563 0
1029 853
1406 7103
8203 0
0 0
8277 2643
0 0
2013 0
8784 4574
5049 2088
2875 0
0 0
0 0
0 0
5350 0
8791 2136
3601 0
0 0
5029 0
568 0
0 0
0 0
4618 6963
5047 0
0 0
0 0
0 0
287 0
5286 0
549 0
0 0
2654 2814
2747 0
3681 0
0 0
8278 3956
0 0
3529 4449
3770 0
0 0
822 0
4780 0
3646 0
3894 0
6377 0
9873 0
0 0
3365 0
0 0
6897 0
0 0
0 0
9366 6913
6191 3580
0 0
0 0
0 0
0 0
3196 0
6179 386
0 0
0 0
4427 1209
0 0
144 0
5880 0
5960 6470
2274 0
1228 0
0 0
0 0
4441 2224
4827 0
0 0
5222 5246
8698 8507
0 0
3249 0
9353 0
4117 0
1574 0
3837 5633
2612 6193
0 0
0 0
458 4667
1959 4718
1691 3022
0 0
0 0
461 0
6858 0
0 0
0 0
1169 9110
1484 0
4322 0
0 0
0 0
850 886
8963 7294
0 0
9318 0
2805 1718
0 0
7728 6368
8435 0
0 0
5664 60
5308 9123
7338 9339
1246 0
7302 0
4843 0
0 0
0 0
4949 3650
0 0
7885 0
7079 0
0 0
6623 4539
0 0
3691 9808
5685 4438
2237 3392
3102 0
0 0
0 0
9878 0
4862 4737
0 0
0 0
9672 4734
0 0
5441 2192
4331 0
6398 7068
2754 2414
0 0
0 0
0 0
1533 0
0 0
608 3343
1388 0
0 0
4957 0
2319 2313
0 0
1635 730
4208 387
0 0
3012 0
3836 0
0 0
6239 3033
0 0
3582 0
0 0
0 0
0 0
3910 6286
388 8606
1506 0
0 0
0 0
3511 2453
0 0
1450 0
0 0
7526 0
3816 0
4761 9968
6641 0
0 0
0 0
9009 7846
7725 1619
0 0
0 0
0 0
5986 0
0 0
0 0
8313 0
8363 0
7918 0
2910 0
0 0
5327 0
798 0
2942 0
9609 2305
0 0
9600 3745
7868 0
0 0
6567 6753
5585 0
4955 0
0 0
0 0
0 0
0 0
0 0
0 0
4386 0
7465 1911
0 0
0 0
0 0
5917 0
0 0
1331 0
8738 9202
0 0
0 0
8467 0
9429 3430
0 0
0 0
0 0
4276 0
1937 4532
9495 0
2666 4100
7716 4909
7870 9553
3153 0
6233 0
4382 7534
0 0
7270 2835
6812 0
0 0
3216 0
9332 0
8234 2770
4328 6499
0 0
4175 0
7611 0
266 5974
1053 4144
0 0
802 0
0 0
3982 2451
0 0
0 0
1629 0
6224 0
4529 0
7185 0
8731 0
9139 4270
0 0
6520 0
8485 0
4817 0
2160 0
0 0
7445 0
9551 403
0 0
8355 4573
2081 7380
8416 0
6866 4670
0 0
6574 0
0 0
4924 0
0 0
0 0
0 0
1347 0
5281 0
211 0
2735 0
9714 0
6524 1212
8295 8522
2405 2304
3585 4170
8225 0
8527 0
8847 0
543 0
6032 0
4240 4774
7572 0
0 0
7677 3129
9295 627
8479 0
6119 3673
0 0
7815 2607
2141 0
9681 719
8209 0
4490 0
0 0
6127 8949
7098 0
8780 0
7865 1514
0 0
3595 0
1829 0
0 0
2063 8641
0 0
2334 9748
2590 4282
0 0
1131 8041
7436 0
7814 1109
0 0
2189 0
0 0
7808 8627
3819 0
6008 0
73 0
244 7712
3401 2293
4004 0
2283 1238
3631 9068
0 0
7542 1088
0 0
7136 0
7614 0
1399 3408
2 0
5208 9462
7249 5853
0 0
1452 7818
0 0
9319 0
9517 2345
9418 6298
5595 7646
877 0
9393 0
6991 1818
2822 0
0 0
1283 4802
80 0
0 0
0 0
0 0
3813 0
0 0
4251 0
1728 2498
2885 0
0 0
8074 439
0 0
4387 2468
0 0
7461 6727
0 0
5490 0
5902 0
6594 0
0 0
8370 9863
5801 6813
0 0
4107 7680
6838 7928
7958 1351
3415 0
2125 9971
856 0
0 0
7626 6394
1879 0
0 0
0 0
8338 0
8315 6159
1195 0
5782 0
1824 1051
1651 1147
0 0
0 0
2662 0
0 0
9514 3559
2898 3183
0 0
3400 0
9282 5434
0 0
0 0
8654 9352
0 0
0 0
634 7144
0 0
329 1832
0 0
6945 0
1308 0
0 0
1500 0
4180 0
0 0
6911 0
0 0
0 0
0 0
0 0
9875 0
6781 0
9047 1695
0 0
0 0
5486 8055
0 0
0 0
913 4335
1300 3261
0 0
0 0
490 6561
3534 0
0 0
7085 9815
0 0
8314 0
0 0
9544 8060
4480 3333
0 0
0 0
0 0
0 0
4476 778
170 4730
4182 4538
4430 0
308 5129
0 0
0 0
811 0
6371 3545
918 8538
0 0
0 0
6136 0
8536 5122
5082 8644
0 0
0 0
0 0
6043 602
5645 5406
7214 0
1842 3436
2924 2723
0 0
0 0
2594 0
0 0
8593 4091
6218 0
5509 6583
6403 408
0 0
8579 0
5929 0
6678 0
4521 9989
0 0
4741 0
304 3935
2225 0
6409 5206
0 0
0 0
1645 0
0 0
9730 0
0 0
2979 4812
5512 0
727 0
0 0
7836 0
8495 6006
0 0
0 0
4121 4215
0 0
0 0
0 0
7457 0
0 0
0 0
3637 7395
0 0
7076 0
2689 594
5481 0
6748 8513
6148 9872
2615 5305
385 4098
1622 0
0 0
0 0
7207 168
5290 0
5092 470
5413 0
2386 0
0 0
3709 0
0 0
898 1538
0 0
0 0
0 0
9649 0
0 0
9200 3818
4477 0
9367 3434
5913 0
2422 6308
2497 8636
883 0
7466 0
2681 0
0 0
5778 7423
7981 0
3667 0
0 0
0 0
1844 0
0 0
4235 0
9144 0
6154 0
6646 0
9050 692
9549 3775
8686 0
0 0
8266 8932
0 0
0 0
0 0
0 0
8084 2677
3161 5301
529 4963
6825 2882
3514 1032
7775 0
6629 0
1641 8051
0 0
504 0
3124 8346
7718 0
0 0
4349 4905
5992 3599
7330 0
507 0
5347 0
5635 8841
7101 0
7563 0
5763 9055
312 1750
5131 0
3746 8398
4099 0
0 0
789 0
2826 5705
0 0
8317 0
3198 6970
1542 0
0 0
6296 0
0 0
0 0
1049 8347
0 0
0 0
5087 0
0 0
6130 1618
9278 2028
3556 0
1424 5811
6816 0
3309 1389
0 0
2944 1328
9921 5550
8442 8137
3569 4268
0 0
481 0
0 0
3497 0
3027 0
7034 0
9776 8027
6993 0
5046 0
0 0
54 0
0 0
0 0
0 0
0 0
2936 6712
5915 0
1543 0
6291 0
4310 0
5871 9270
8318 0
0 0
5077 1099
288 0
3784 0
2565 0
0 0
5052 1298
0 0
6091 861
0 0
0 0
4150 0
8307 2469
4515 0
9205 6208
3370 0
0 0
919 0
0 0
0 0
7693 0
7454 0
1559 0
7936 0
1250 3593
0 0
0 0
1311 0
2915 0
9803 0
3683 7155
0 0
5780 5833
6703 2960
0 0
7424 0
5027 0
3367 0
9728 6698
5721 1524
0 0
2638 4320
300 0
6593 6783
57 6338
9162 0
4586 0
9330 0
1993 0
7239 0
0 0
0 0
0 0
0 0
0 0
1606 2178
0 0
9181 0
0 0
7235 0
9111 0
7708 5285
0 0
4680 3211
4602 9631
1736 6659
676 0
6044 6562
0 0
0 0
3137 0
9502 0
9447 2198
9049 0
0 0
0 0
0 0
0 0
0 0
0 0
0 0
0 0
0 0
5370 4879
9857 4169
3805 7359
0 0
5539 0
642 0
5333 142
3905 0
3750 1481
4608 0
7036 0
4437 928
0 0
6681 0
6282 0
0 0
4570 0
128 5950
2260 0
0 0
2813 0
0 0
4001 8265
0 0
0 0
6657 0
2580 6266
2403 5975
7240 0
0 0
0 0
899 0
7878 4357
9406 1819
127 9620
1392 7301
9821 0
1905 3799
2935 0
7437 0
4056 0
3413 3453
0 0
9804 0
8687 4614
9321 9536
6967 4291
8058 8971
690 4763
1932 8116
9706 0
0 0
4075 6003
0 0
5821 9121
207 0
5743 0
0 0
0 0
9291 0
5083 0
1895 7826
0 0
9234 0
0 0
0 0
7430 6128
9267 2401
110 0
5789 0
0 0
9963 315
286 0
8340 0
5212 665
0 0
0 0
0 0
794 2659
0 0
0 0
1313 0
2606 0
7983 2083
0 0
4555 0
3627 8402
8378 0
997 9548
0 0
4598 0
1515 7174
5329 0
1933 3351
0 0
0 0
1863 0
9374 0
3648 9762
0 0
477 3852
5480 0
9036 0
8311 0
7305 8195
3336 7571
0 0
0 0
2143 0
9874 0
0 0
449 0
4550 0
3501 4017
0 0
0 0
0 0
710 0
9813 1274
0 0
7226 0
3957 0
5760 4937
4706 2628
7229 5879
0 0
0 0
1855 3952
0 0
4222 0
431 2535
3177 2539
5642 0
1592 86
0 0
261 0
9542 0
1715 9024
487 3697
4296 0
0 0
4966 0
722 0
7372 0
9141 0
7927 8300
8848 8836
0 0
9987 0
5207 1343
0 0
274 0
3901 2478
1075 7236
8715 0
2786 0
1803 3740
5303 3786
0 0
7411 2795
6580 715
0 0
3407 0
7749 0
0 0
0 0
2246 0
9691 0
0 0
0 0
0 0
0 0
2452 4534
1877 0
0 0
0 0
0 0
0 0
9126 0
5491 3504
0 0
0 0
8835 0
1414 5907
230 0
6847 0
0 0
0 0
5792 2173
0 0
5534 0
0 0
6106 0
8258 9654
9060 5234
4423 0
3639 0
1722 3128
4721 6024
7939 3240
7250 0
0 0
0 0
297 9475
4294 9908
0 0
0 0
0 0
6256 71
8601 8516
2646 2925
0 0
6475 8651
0 0
192 0
0 0
0 0
0 0
9880 0
7347 0
648 0
0 0
0 0
4724 6090
720 0
1684 0
3234 3345
7642 3630
1783 6267
7900 0
0 0
0 0
4920 6859
9399 7078
0 0
0 0
557 8789
433 360
277 0
4813 0
1103 0
8492 0
1527 59
9622 2277
2572 0
530 0
2341 0
0 0
7518 0
238 2049
1894 9248
999 0
9662 8879
0 0
7631 146
0 0
0 0
2798 6528
0 0
1710 6079
0 0
7935 7342
5847 467
7158 9246
0 0
4080 1028
7181 6722
0 0
0 0
0 0
9694 0
9033 0
1479 552
9273 0
0 0
6654 0
6886 9408
0 0
607 0
5756 3524
4861 3282
0 0
0 0
0 0
8776 0
8249 9534
0 0
0 0
38 102
1488 0
8360 9376
4804 8174
9415 0
6855 0
4744 9972
9752 0
1324 0
0 0
0 0
5400 0
0 0
9428 0
5725 3051
9597 3381
8091 389
5093 0
0 0
6914 6081
0 0
0 0
0 0
8368 633
3264 5623
4379 3271
0 0
0 0
0 0
3031 0
0 0
2871 0
6421 3553
2550 0
0 0
6464 0
7244 0
0 0
0 0
2736 0
0 0
4578 9302
6249 6165
0 0
8906 1182
8476 2157
9519 0
9341 0
0 0
0 0
0 0
0 0
0 0
3323 2688
1483 7973
0 0
2023 0
8049 0
0 0
0 0
0 0
8391 0
3248 7258
9886 9419
7703 0
5510 9996
1199 0
9764 1883
8941 8388
4719 7761
5031 3431
5905 2593
3827 8956
0 0
3531 2253
6507 2537
5152 8517
3788 0
6508 5607
6711 4115
3700 8638
0 0
6517 7284
3649 0
8886 0
8557 0
6550 0
0 0
9413 7095
0 0
0 0
0 0
0 0
4647 330
6848 0
1797 0
0 0
7292 4338
8577 0
0 0
7232 7407
5697 4139
0 0
831 0
0 0
6836 9735
0 0
50 0
7129 0
0 0
0 0
9307 0
0 0
7116 0
9043 0
604 9220
9761 9715
0 0
7941 9327
8585 0
5255 0
9115 0
0 0
1438 1602
7690 4483
7090 2896
0 0
0 0
7930 6658
0 0
4494 0
6039 2158
7948 4837
0 0
3846 677
0 0
0 0
6449 7475
1198 418
0 0
0 0
9245 0
753 4986
3812 5127
2509 9516
8892 6921
6186 0
1312 5572
8952 9323
0 0
9283 2837
9507 8908
0 0
6959 6213
5366 9018
0 0
6789 0
0 0
0 0
8822 0
478 664
0 0
7314 889
6162 9146
8597 0
2929 4434
2765 0
4560 0
4897 0
0 0
0 0
1112 0
7975 0
3996 0
4388 0
1001 7643
0 0
7753 0
0 0
8983 0
5502 0
9085 4635
0 0
0 0
6940 0
6713 0
6852 0
7536 4259
296 8002
9190 7441
0 0
0 0
7427 0
9889 3320
8165 6797
0 0
584 0
0 0
4695 226
4032 9333
2728 0
1707 5372
0 0
737 0
5096 5606
0 0
0 0
7772 851
6292 0
8549 4011
7751 0
2563 1607
9512 5727
158 1949
0 0
6220 0
0 0
6971 8987
4315 1321
0 0
9635 0
1140 4640
1350 8563
2881 0
9210 4643
1353 7216
1134 5217
4473 5336
206 3908
0 0
363 0
1510 0
0 0
0 0
0 0
3449 8358
7433 0
2636 0
0 0
332 0
0 0
7311 0
7460 8460
2518 0
9236 5722
6805 4648
6156 0
9997 0
5918 996
2768 0
6737 3795
1589 0
0 0
0 0
9615 0
0 0
5647 0
0 0
517 5579
2624 0
9806 3326
5209 0
6258 0
2753 4179
7498 0
0 0
7620 2818
0 0
9834 0
3653 0
0 0
4146 0
0 0
0 0
4714 0
8361 0
2649 8697
0 0
0 0
2657 4391
9603 2762
4141 0
7592 7145
3322 9103
1018 716
9805 5815
3801 9129
1914 3317
0 0
0 0
5886 0
0 0
8186 0
0 0
3125 0
3744 7487
0 0
9109 5553
9037 0
7519 654
4165 8993
0 0
9304 0
7018 4307
6305 7648
2010 0
937 9639
6117 7710
199 0
3942 0
3577 0
1368 1745
3127 728
3222 0
0 0
4777 0
9742 609
2608 0
8881 0
1123 0
8447 5108
564 8666
0 0
0 0
3203 766
6426 3023
8288 2436
8320 0
9677 5523
9010 1973
6086 5176
1114 9882
1364 1705
2309 0
844 0
5827 3950
3373 0
394 0
9489 0
0 0
1671 6699
2302 0
0 0
0 0
8730 0
0 0
0 0
3348 0
8066 1605
4301 0
0 0
8849 9969
6108 6757
4396 0
2284 5650
5061 5291
3749 2142
896 0
2709 0
1807 6948
0 0
338 0
6664 311
0 0
6827 6521
4917 8519
0 0
331 0
4936 6734
4415 3754
4941 900
2155 7321
0 0
0 0
0 0
5436 7514
189 0
6747 0
3014 0
535 0
3389 8325
1922 0
0 0
6404 3366
4775 3377
5881 0
7115 0
0 0
2340 0
5535 0
2507 0
0 0
0 0
7464 0
8525 0
0 0
0 0
0 0
1273 0
4507 9063
0 0
703 3978
0 0
5932 9306
5349 0
6955 391
0 0
2790 0
6665 0
3814 3026
1811 0
6417 2517
8149 0
0 0
625 0
0 0
3439 9653
5416 894
6469 0
109 9457
0 0
4055 0
4470 6615
0 0
8608 3088
8142 6588
4663 3143
5081 0
6768 0
1066 3380
0 0
0 0
0 0
0 0
6283 975
4829 4044
0 0
0 0
5040 0
4967 2676
4948 6412
0 0
7421 0
0 0
9630 0
0 0
0 0
1102 6015
5649 0
3347 0
0 0
8039 6957
683 0
2938 6744
351 0
0 0
0 0
0 0
9473 7698
9493 4297
4347 5574
0 0
6688 0
2540 0
4863 8421
3741 4237
5949 6260
8415 0
5356 6234
3751 4016
0 0
9348 0
4925 3416
5850 6311
6702 0
6335 0
0 0
3806 0
1294 0
3167 9400
0 0
0 0
2524 5095
4153 2124
0 0
0 0
4818 9793
6930 6868
4286 6164
0 0
3209 7261
3893 182
8529 0
0 0
0 0
3058 0
0 0
3015 0
7527 4899
9877 962
0 0
2060 0
4561 3321
5463 531
838 8424
5351 4904
4752 4116
28 4673
0 0
2042 7774
8262 0
0 0
5708 0
6318 0
905 0
0 0
8006 6319
5892 0
0 0
6992 0
7031 5698
8592 2546
5867 9567
0 0
6575 0
9298 3522
9812 9442
5795 4197
0 0
9673 7801
0 0
8133 7206
7938 2460
0 0
6275 0
0 0
6889 0
4585 0
6620 0
4746 8472
4373 4403
0 0
6820 0
1990 6144
4806 8408
0 0
814 154
0 0
0 0
6938 2406
0 0
295 3144
3266 0
0 0
3578 5133
0 0
9317 0
7817 0
7986 945
7033 0
333 0
9177 7580
5306 0
4006 0
188 4889
7521 1667
0 0
2328 465
3573 0
0 0
6585 0
2576 7012
1502 1662
6489 8693
0 0
9437 0
0 0
8065 2342
0 0
1063 7567
0 0
3609 4870
0 0
8725 8894
9064 9679
1870 2566
0 0
9076 0
5225 1600
4545 0
5562 0
0 0
0 0
6138 0
8900 6600
9286 7552
9571 0
6612 0
0 0
5315 0
0 0
9065 3362
0 0
2094 398
0 0
8239 5420
6622 3927
0 0
3900 237
2907 0
0 0
167 8660
5421 9387
0 0
0 0
8247 6831
5016 6227
3849 0
0 0
9640 0
7920 0
2433 3329
1719 0
6542 0
3212 0
8658 0
1086 2783
9599 5573
3241 9595
0 0
0 0
0 0
6074 5826
3411 0
3228 0
5855 0
2701 4229
3680 0
0 0
0 0
1588 8588
631 0
0 0
8726 3520
6801 0
653 0
4132 2616
0 0
4882 5557
0 0
2490 6158
0 0
0 0
3306 7278
0 0
2861 0
3526 5245
4413 0
4546 0
9832 1853
233 7550
4657 1690
0 0
5625 0
3094 9052
7649 6582
0 0
8769 0
4062 7661
9652 0
3994 0
0 0
0 0
5247 4611
7495 5643
0 0
1287 0
1831 0
0 0
9981 9509
0 0
480 2807
7992 8272
1336 0
0 0
6740 3076
6652 7013
8799 0
6202 0
3591 0
0 0
707 8620
916 0
8099 0
7182 6461
0 0
576 0
6856 0
1975 0
0 0
4019 688
9564 2780
4058 0
0 0
6576 4797
4288 0
6628 0
0 0
5920 3334
6374 4705
1860 0
6741 0
4086 0
3220 12
7657 0
4266 0
9791 3036
0 0
7668 0
0 0
7947 0
7555 0
7439 5417
7579 0
0 0
1357 0
8659 486
0 0
680 6950
2264 1225
9737 0
2613 455
8785 7988
7913 5791
0 0
4547 4506
0 0
0 0
987 0
2916 7065
0 0
5546 4274
0 0
605 0
4159 0
0 0
5724 2332
9403 0
0 0
9219 1244
5292 1711
2945 6522
2567 2529
3009 8481
0 0
0 0
9881 0
0 0
0 0
9605 0
574 0
7291 0
0 0
45 839
0 0
0 0
355 0
0 0
0 0
3173 7451
571 3617
8763 0
1220 0
7389 3695
0 0
2601 0
0 0
8903 0
0 0
3854 0
4754 2034
8986 7733
2556 7976
0 0
5183 0
1232 0
9723 0
0 0
0 0
8962 2311
0 0
1609 0
8561 1202
8405 0
0 0
8007 0
1782 0
0 0
472 3239
4071 0
0 0
430 2151
0 0
0 0
5963 3655
1477 3643
1612 0
9459 0
0 0
2364 0
4851 0
0 0
5257 0
0 0
0 0
0 0
6647 0
2903 0
0 0
2696 0
0 0
9552 0
3803 0
1059 0
0 0
3706 0
2998 4429
0 0
3951 3117
7143 8034
4187 0
3904 8676
0 0
2112 1217
369 2668
22 0
0 0
5671 0
0 0
2954 0
83 6014
0 0
7636 7760
5988 1552
185 7063
0 0
0 0
0 0
0 0
8494 0
1160 0
0 0
0 0
413 0
18 6255
0 0
3461 6888
225 0
7072 2270
598 0
3937 0
8722 573
0 0
9642 1947
5044 1689
8751 0
8189 6591
4125 3202
113 0
0 0
0 0
0 0
3078 0
6570 5134
0 0
6501 0
9340 3876
7171 7888
0 0
178 2466
0 0
809 0
0 0
537 2145
3853 9116
0 0
4171 0
0 0
2853 836
8013 0
1941 8172
0 0
2555 9903
0 0
2749 0
0 0
8970 0
4332 1251
2202 0
1097 960
8463 0
0 0
0 0
5594 5399
0 0
0 0
5520 0
9759 0
0 0
818 0
2018 595
0 0
0 0
1307 0
0 0
164 0
1748 0
9775 6968
0 0
0 0
4579 6822
124 0
0 0
9572 0
0 0
0 0
0 0
8692 8637
1125 0
5730 7482
3642 8898
7177 0
488 5476
2974 1118
0 0
1234 4166
7193 9225
0 0
0 0
964 1107
7086 6363
5439 0
2887 1155
0 0
0 0
271 4205
5614 0
1936 0
7230 0
9634 0
0 0
5079 6650
0 0
0 0
0 0
4531 0
0 0
6085 0
7931 9795
6343 0
2687 5723
1664 0
0 0
1583 9621
8853 0
5053 2065
6981 6887
0 0
336 1002
0 0
4869 0
3659 5089
0 0
5844 0
2074 8944
0 0
2261 1507
8150 5402
9674 0
0 0
0 0
1926 0
6477 3971
2154 7048
5508 0
0 0
0 0
7490 0
8775 0
4104 4066
8291 3832
0 0
0 0
0 0
0 0
377 8136
2534 7512
2718 3034
3604 5970
1963 4526
5408 7802
6786 67
0 0
2890 7293
0 0
0 0
7067 8375
7354 4626
6110 0
6956 0
0 0
3146 6361
2243 0
9964 4207
2865 0
2591 0
0 0
0 0
0 0
4025 0
2776 0
1755 8565
0 0
2358 0
5822 3561
4687 0
8380 7000
8335 5516
5116 4186
8434 3540
4943 7043
2725 0
0 0
1119 0
7864 1355
5893 6070
9472 7007
1563 5987
6322 0
6300 3053
5274 3057
6714 0
0 0
0 0
4078 0
0 0
7091 0
0 0
328 5927
0 0
7723 0
1875 840
2442 8163
7409 6104
3460 5749
354 1839
0 0
428 5191
8253 9316
0 0
0 0
116 0
0 0
1167 2487
1519 0
0 0
0 0
0 0
0 0
0 0
9958 0
7472 6701
9741 0
8260 3539
8230 0
8466 0
3074 2095
6285 0
0 0
9449 0
0 0
6618 0
0 0
7695 0
4072 0
3665 9991
2298 2981
9627 4866
2320 0
0 0
0 0
0 0
4509 4581
0 0
0 0
0 0
7942 7604
0 0
0 0
2337 5895
9942 7704
2286 0
0 0
0 0
0 0
0 0
6865 1021
0 0
5374 0
0 0
7041 5195
7951 5448
0 0
0 0
0 0
6057 0
0 0
8016 0
4993 0
8591 9482
6926 0
0 0
1081 5328
0 0
701 0
0 0
1998 0
0 0
1445 1741
2113 5250
0 0
6818 0
2982 4249
7568 2263
7517 0
2577 5646
84 0
0 0
0 0
8669 672
2761 0
8157 0
773 0
380 0
162 2519
3785 0
6639 3470
0 0
7127 3528
7049 736
4036 0
6037 4758
9568 0
9130 0
8765 4023
518 0
5071 7892
0 0
5353 1441
7164 0
0 0
8950 0
0 0
0 0
3608 0
8706 3375
0 0
974 0
0 0
0 0
939 3279
890 0
9644 2971
6504 0
9158 0
4300 7999
5067 6912
5384 0
0 0
2330 0
134 0
0 0
1567 5241
0 0
0 0
4540 70
4580 0
2118 4725
1576 0
0 0
9315 0
0 0
1977 3330
0 0
7809 1360
6845 0
0 0
6169 0
3423 0
6923 137
0 0
6199 9421
6750 0
171 4696
8940 7758
3268 1280
1772 0
3276 3666
570 2119
754 3338
7405 0
4530 1646
0 0
301 0
5149 0
8366 0
0 0
1596 3612
8679 1437
0 0
7154 5014
0 0
0 0
6739 0
3486 4576
8758 0
9525 0
0 0
0 0
0 0
2238 0
6590 5798
9140 0
0 0
6634 1333
235 7245
1630 8428
0 0
0 0
1702 0
8175 784
7800 0
1305 0
0 0
0 0
5593 0
8126 0
0 0
9478 0
0 0
0 0
3634 0
6749 0
0 0
0 0
4316 9120
0 0
0 0
1647 0
3953 0
0 0
0 0
5115 1982
8208 4111
172 3050
1363 2939
1381 9326
0 0
6689 7257
0 0
2489 9550
3113 0
4610 4776
0 0
0 0
2781 0
0 0
0 0
4568 5060
0 0
3868 2374
1292 4893
4867 0
7950 0
1917 3765
7413 9241
7340 0
8541 0
3515 0
0 0
4181 0
0 0
7266 0
1958 6345
2508 0
8810 0
0 0
0 0
0 0
4397 0
5947 3379
4565 0
8083 0
5288 4325
8480 0
8090 0
0 0
2667 0
0 0
5889 0
1057 0
0 0
0 0
2105 4411
0 0
9800 3579
2906 0
2984 217
6364 1942
908 4247
0 0
9422 2647
1150 0
289 0
3560 5761
6357 204
4762 0
0 0
6687 0
700 0
9696 5910
0 0
3615 9511
473 2694
2675 0
4279 8377
32 0
3833 3947
6656 0
0 0
0 0
0 0
2209 0
0 0
5196 0
6011 6498
3101 2840
0 0
7541 0
3850 5582
8386 7269
942 0
0 0
0 0
1127 9779
0 0
5015 8508
0 0
2338 6648
0 0
0 0
0 0
0 0
0 0
0 0
3103 6405
8112 0
2500 5215
1751 95
0 0
7633 0
0 0
0 0
2480 6284
0 0
1383 7324
893 3468
9912 3823
3624 0
0 0
9075 0
6824 6287
0 0
0 0
6939 3618
0 0
0 0
8287 0
6539 0
0 0
0 0
0 0
4512 8684
0 0
0 0
3564 0
0 0
1979 5232
0 0
0 0
0 0
8046 0
0 0
4745 1327
3425 0
0 0
9789 2726
0 0
0 0
0 0
9935 0
9195 0
1031 5383
0 0
2510 0
0 0
358 4915
1907 661
0 0
445 6433
817 8713
6410 0
0 0
0 0
5852 1992
9740 0
5277 0
0 0
0 0
0 0
0 0
1373 0
9431 0
5966 0
5140 0
1944 0
869 0
0 0
1156 581
7022 2702
0 0
0 0
5167 8904
0 0
7042 0
1721 4992
0 0
7853 0
8014 8753
3332 0
695 0
118 5120
0 0
9948 3385
0 0
1876 0
0 0
6875 1556
0 0
6373 0
7554 0
1092 0
4496 0
0 0
0 0
5220 0
91 0
0 0
0 0
4432 0
0 0
5719 0
8682 0
0 0
2408 0
2527 0
8482 6247
7326 5505
0 0
1608 7777
746 121
0 0
2522 0
8640 0
2635 7002
8179 0
0 0
3929 0
0 0
5765 0
3944 0
7435 0
0 0
0 0
2152 1026
7469 8578
5598 0
1582 0
3467 0
2685 7706
0 0
2050 9765
6324 6251
0 0
1965 0
2784 0
6598 9084
9113 0
0 0
0 0
3574 1541
0 0
0 0
4510 8114
3232 0
5062 6547
9287 1181
0 0
7666 0
2194 6437
0 0
4295 0
7901 0
0 0
3357 0
0 0
7335 3967
1564 0
0 0
1776 283
0 0
0 0
8737 0
7275 0
0 0
854 3857
7035 7940
0 0
0 0
5940 0
1454 0
0 0
0 0
6288 8833
5379 0
0 0
6244 0
0 0
7419 0
0 0
0 0
0 0
7533 6640
0 0
0 0
9423 983
0 0
9433 0
163 5981
6503 0
0 0
1003 0
7300 0
0 0
0 0
0 0
0 0
9943 7197
2860 8611
0 0
0 0
3250 0
9505 2785
3715 4683
0 0
0 0
1816 0
2093 2855
2477 0
2322 9966
2168 9661
2077 7608
0 0
2235 0
0 0
0 0
0 0
0 0
7757 262
0 0
160 7823
0 0
1183 3120
1850 8745
8204 0
8392 1830
6166 0
4919 6718
8854 8409
0 0
5334 0
0 0
6696 5233
0 0
0 0
0 0
0 0
6153 8838
2171 9523
1694 6142
0 0
3721 0
252 0
679 6724
3337 2848
0 0
4127 0
0 0
0 0
626 6826
0 0
0 0
0 0
0 0
6729 0
3939 9042
0 0
7069 0
0 0
6301 0
0 0
4156 2234
0 0
0 0
0 0
104 0
4552 0
0 0
1037 0
4303 8685
0 0
0 0
3281 0
93 1278
9680 3045
7683 0
7731 8764
7332 1744
7271 6487
5577 7188
0 0
0 0
3438 1490
0 0
9782 2625
8110 0
4731 0
985 0
0 0
0 0
0 0
0 0
2602 0
5390 0
0 0
0 0
6442 0
0 0
4405 0
2951 0
5578 0
0 0
3235 0
0 0
0 0
1342 7083
0 0
5663 0
2371 2044
5529 0
0 0
4902 0
0 0
9848 9498
5916 636
4712 6143
9528 3570
3685 1478
0 0
5395 7238
0 0
0 0
8901 0
0 0
87 0
3481 8607
0 0
0 0
9397 0
0 0
7318 1698
5766 9496
9227 0
4823 4895
1359 7397
5709 553
623 5496
3871 0
0 0
3882 0
0 0
6346 4601
5479 7241
8981 2459
1758 2644
5227 7916
0 0
7799 1823
1365 0
9081 5076
6534 0
6339 0
6642 0
8625 8891
941 6262
4508 2600
9255 0
6103 2841
3701 9670
0 0
0 0
8817 3543
0 0
4471 0
7410 5997
1345 6814
9439 1775
2250 0
8256 2975
7676 646
8535 0
2138 1089
4751 0
0 0
8612 9645
0 0
4820 0
7399 2276
4213 0
0 0
7827 0
1379 0
5450 1575
5236 9905
0 0
2223 8357
0 0
8512 0
1197 1080
5816 0
7009 7133
0 0
2943 0
2750 3302
108 0
1640 0
3197 0
0 0
0 0
4193 0
1265 0
2182 2966
0 0
0 0
3600 0
7714 0
9265 0
6201 3898
0 0
0 0
2381 0
0 0
1874 0
4969 0
7344 3195
6674 0
6527 3962
8077 0
8600 0
2275 9189
0 0
3914 0
6416 582
9506 0
1901 0
0 0
5561 0
5032 0
0 0
5036 3979
8446 0
0 0
0 0
0 0
0 0
0 0
0 0
1390 0
5641 2773
0 0
9293 282
0 0
4203 0
0 0
0 0
0 0
0 0
0 0
0 0
2326 0
0 0
0 0
7711 0
837 9328
169 0
0 0
3936 5155
9364 0
6780 1878
599 0
8279 0
4564 0
562 0
7458 1764
6290 9474
0 0
868 0
0 0
4372 0
0 0
1504 0
8056 0
0 0
0 0
2968 0
8938 0
2648 0
3192 8961
8800 9041
1206 0
7382 5616
8772 9242
0 0
547 2581
5012 5525
0 0
0 0
8229 4015
0 0
8989 0
7262 0
0 0
8807 0
2301 0
0 0
0 0
6817 9729
5404 8965
0 0
0 0
0 0
1095 2597
5707 0
0 0
5652 0
9371 1430
5576 3024
7448 2908
5323 8851
1534 0
7479 0
2212 0
0 0
8510 0
1016 1712
0 0
5658 9407
6684 6984
4105 7501
5965 0
7123 0
3458 0
8098 8518
1925 0
9751 0
1833 0
0 0
3 7515
6541 8061
5977 1737
7414 6237
6603 7387
0 0
0 0
1838 0
6705 4742
8491 855
3820 5124
1756 2355
6806 0
501 0
0 0
1908 1562
5119 0
4681 0
5706 0
0 0
0 0
0 0
5468 3693
0 0
4168 0
0 0
2715 479
9760 0
5599 0
6532 0
9561 4262
611 9131
7932 0
0 0
1526 0
0 0
9480 0
0 0
0 0
3062 0
0 0
8042 0
0 0
0 0
8708 0
5107 3013
7008 0
2810 0
9586 491
9279 7228
2318 5998
7384 0
0 0
2070 0
514 8896
7896 0
3758 812
8773 9558
9044 9853
8748 4398
0 0
0 0
3911 0
884 770
464 9305
263 0
8933 1752
8425 157
0 0
0 0
3717 0
5267 3722
2494 6423
0 0
1525 0
1851 0
3170 7880
1738 0
1372 0
3791 0
0 0
2048 2528
3641 0
0 0
3097 1666
9896 0
0 0
5321 4794
39 0
0 0
0 0
0 0
0 0
5223 0
1196 0
5870 4048
7391 2605
7119 0
9427 0
5814 0
0 0
2465 0
0 0
7589 0
4376 0
0 0
1503 4736
0 0
0 0
9157 0
0 0
3331 6793
0 0
0 0
7159 5673
9721 978
2741 0
367 8861
9314 1692
0 0
0 0
0 0
7672 2842
6261 0
0 0
0 0
0 0
0 0
1810 0
4638 1586
3764 0
0 0
614 376
7720 0
0 0
1015 0
6329 0
7726 4200
1428 1627
0 0
7848 0
0 0
0 0
8930 8069
0 0
5043 0
721 9067
0 0
9092 6236
6172 0
6621 0
8860 5602
6038 0
1940 0
0 0
0 0
4825 3647
8988 1886
8850 0
8558 4454
4365 0
423 2404
0 0
726 6188
8858 0
7030 0
6633 0
748 0
0 0
0 0
7146 8907
0 0
2491 6098
9490 0
4654 307
7364 8245
0 0
2852 0
1598 3265
0 0
0 0
0 0
689 0
0 0
6669 197
6355 9836
9830 9955
2440 4707
0 0
5903 0
7050 0
8977 1731
0 0
909 0
6571 6649
9846 8299
0 0
4131 0
5884 1530
933 0
9711 0
7762 0
8786 0
0 0
0 0
0 0
8671 0
1443 3516
0 0
9362 0
9816 0
3174 2370
4688 2838
2549 0
1594 846
4306 5114
4108 0
7732 0
9394 0
3980 0
5740 0
863 0
0 0
4219 1822
0 0
0 0
8774 0
0 0
9491 0
0 0
4513 0
9612 4485
0 0
0 0
3742 0
8308 0
0 0
4715 0
0 0
9939 7378
6965 251
0 0
7833 0
6605 3991
0 0
1637 0
452 6035
2146 8729
7267 2640
9448 2969
4350 9425
1872 7727
0 0
0 0
8384 9960
8224 0
9031 0
1248 8102
0 0
8795 0
2175 0
0 0
4982 5443
9842 0
1724 578
6021 6842
1760 0
7265 5856
0 0
520 0
5682 0
2217 0
0 0
0 0
0 0
8141 0
0 0
135 2308
2412 6765
4359 1000
7138 2708
2024 0
0 0
8974 0
0 0
5714 0
4841 1040
7044 560
6830 3566
0 0
0 0
6478 0
0 0
0 0
8210 0
0 0
4836 7381
6069 0
4378 0
1296 407
1352 0
2894 0
5732 4979
9388 6902
2481 0
880 8605
9720 0
8330 0
0 0
0 0
6446 4049
0 0
5415 6367
4702 3949
0 0
3376 0
8804 0
2986 0
0 0
5819 0
0 0
767 9980
9854 0
4944 3547
0 0
3675 3169
9398 0
0 0
4933 0
1985 335
6317 0
6697 0
7924 7934
8826 8010
0 0
129 1681
0 0
3390 4230
2423 6358
0 0
5701 2515
0 0
1185 0
9913 0
7854 0
8322 0
0 0
6974 3304
3877 5017
6002 0
7478 0
0 0
9664 7532
3636 879
0 0
0 0
6651 8646
9217 0
9451 8176
5945 0
2245 2046
1520 0
9020 0
542 1374
6146 1093
4174 4287
5618 0
2291 0
4566 4821
0 0
8271 8145
0 0
0 0
0 0
0 0
0 0
3934 4765
2025 3711
0 0
0 0
0 0
955 7298
4375 8117
0 0
4759 8978
6779 5688
4481 447
2183 4890
9871 0
4383 3004
2870 6986
561 0
9865 1887
0 0
0 0
5375 0
5953 8488
6297 0
5972 0
5477 4093
0 0
1203 0
5911 0
575 0
0 0
8980 7617
0 0
951 4351
8296 212
0 0
6683 3165
8240 0
9891 8071
7696 2211
0 0
0 0
867 0
4954 9034
0 0
0 0
0 0
0 0
3839 9161
2832 0
0 0
0 0
0 0
0 0
9731 0
9203 3710
7147 0
0 0
6458 3703
5320 0
0 0
2828 3346
0 0
4816 2096
0 0
3548 496
0 0
0 0
0 0
2295 2331
0 0
2008 7516
9264 131
0 0
5179 2407
6523 6519
668 0
3095 0
0 0
5637 0
4658 1703
8994 3042
6060 0
4112 0
0 0
7062 318
799 6341
8689 3199
6877 0
0 0
3291 2188
729 0
1189 0
0 0
0 0
0 0
4420 0
1720 7933
143 0
0 0
153 356
1650 6093
7015 0
8951 0
2680 5073
1928 0
5211 0
8499 0
2014 0
0 0
1407 8818
6124 7040
4479 0
4265 6310
4801 0
6441 0
0 0
9770 0
0 0
0 0
420 0
5747 0
6137 0
0 0
5271 8895
3931 1184
3073 5620
0 0
0 0
704 3510
628 7618
0 0
1967 0
8281 0
4497 218
1293 5407
2558 0
9176 0
0 0
2922 9518
0 0
8410 0
0 0
8072 0
0 0
1038 0
0 0
3361 9186
0 0
1260 0
0 0
7109 3829
1633 0
2598 0
0 0
0 0
4743 0
7184 0
8192 4876
4631 5148
8823 4710
0 0
0 0
9676 1475
8341 4191
6890 5750
4256 7821
0 0
0 0
5050 9159
0 0
0 0
4616 4327
1555 4972
2959 0
8859 5377
0 0
3342 0
0 0
0 0
0 0
2259 0
4155 0
0 0
0 0
0 0
8743 0
2584 0
303 9017
0 0
3270 747
8828 0
826 0
7325 0
0 0
4212 7640
9671 505
0 0
0 0
9574 3920
8806 8025
0 0
5715 0
5840 9090
3150 0
0 0
0 0
0 0
3424 1799
0 0
0 0
0 0
5691 8599
0 0
0 0
4699 3889
224 3662
0 0
0 0
0 0
0 0
0 0
0 0
3698 6874
0 0
0 0
0 0
1880 0
0 0
6036 5126
0 0
1071 0
0 0
6720 8012
0 0
8144 7426
3278 0
0 0
0 0
6082 9693
0 0
0 0
4898 1615
7945 0
1346 5592
5836 0
4584 0
506 0
1108 1599
0 0
8985 0
0 0
0 0
9230 0
2777 6000
0 0
6555 1648
3930 1466
5745 5775
6685 0
0 0
0 0
6484 0
4908 0
0 0
0 0
9851 0
2820 4060
7220 0
8633 0
0 0
3225 7540
0 0
7422 8812
2663 4061
9021 0
4366 5213
0 0
5754 7494
632 4942
4669 0
1672 0
0 0
511 0
1786 6399
6690 0
7312 0
6457 0
5662 485
8285 8135
8747 5005
521 0
6274 0
4856 7137
0 0
9329 5475
9940 2201
0 0
8995 0
3028 0
3884 63
0 0
1133 8093
8498 0
0 0
3010 0
5111 1384
0 0
5680 0
9904 0
0 0
2421 9136
9233 8551
8255 0
992 0
2637 0
4632 3242
6107 1626
0 0
8455 9577
5543 1798
4832 3521
2957 0
8528 7904
1656 0
8123 7071
0 0
0 0
7252 0
2553 0
0 0
1152 0
176 0
5398 6707
6839 0
9747 7449
0 0
0 0
7610 0
0 0
6216 0
4931 0
5702 0
0 0
3610 0
8226 0
8306 0
1409 0
0 0
7520 0
4729 8843
0 0
8134 6802
6307 0
5253 0
0 0
0 0
0 0
3382 5971
0 0
0 0
2486 3018
8323 0
0 0
0 0
7014 0
8032 807
0 0
9717 250
7664 2467
8598 6448
8882 466
7557 0
8334 0
0 0
0 0
0 0
0 0
0 0
2266 8029
2934 8754
0 0
9918 0
0 0
0 0
0 0
0 0
0 0
8877 0
3354 0
4727 184
2208 0
0 0
2415 3537
6545 0
6849 0
5559 0
2633 5942
1161 3495
3997 316
7632 8936
1517 6383
8632 2450
0 0
6863 0
4002 7219
0 0
907 6229
4621 0
8803 6198
4021 2970
9954 0
5100 0
9383 1124
8531 5818
4228 5678
0 0
1122 0
58 3426
0 0
0 0
4469 5123
6017 0
4133 5704
946 1415
1256 0
5248 8768
6407 3968
373 0
0 0
1459 0
0 0
5938 7319
7855 7807
0 0
8106 1643
0 0
1687 0
9467 6872
1402 0
8616 0
0 0
8596 0
0 0
8735 3181
7058 3896
7613 4312
9125 0
0 0
0 0
0 0
7982 9100
1022 0
6900 0
9756 4053
2514 0
4704 4233
0 0
1226 0
0 0
551 0
9232 0
0 0
3339 0
0 0
5165 2883
0 0
6746 6163
0 0
0 0
5341 0
2011 9346
8787 0
0 0
9888 5358
4356 0
5990 0
5039 0
590 0
9454 285
1271 0
3986 0
0 0
1200 3960
0 0
0 0
9005 0
7861 9351
796 0
6800 0
5259 0
705 0
0 0
6126 9818
0 0
8955 0
8011 6717
0 0
0 0
9335 0
9917 8127
0 0
0 0
3160 0
6958 7851
7231 2447
3184 3845
0 0
5802 4520
0 0
7701 0
9839 0
0 0
635 8782
8617 0
3386 0
7365 0
0 0
5912 3885
0 0
1222 2132
6655 6231
0 0
2947 7178
0 0
0 0
1186 4835
3887 2103
513 5540
717 5287
1774 5548
6066 0
1456 0
0 0
0 0
2985 0
8979 136
6894 0
5302 1142
1387 0
0 0
1077 7899
0 0
9183 0
5184 7097
0 0
9395 8913
2609 9430
5011 0
0 0
2730 0
7838 9402
3369 0
0 0
5260 0
3532 0
0 0
8433 2232
8449 8367
9911 0
7111 0
8407 2230
1528 0
3081 3544
4253 6027
4628 6861
6382 0
5891 0
3588 0
9766 9819
5164 0
0 0
1098 0
0 0
702 0
6500 0
0 0
0 0
0 0
1235 2299
6660 1266
2287 9501
0 0
3878 0
3066 2033
8026 0
1972 8728
0 0
7010 3964
0 0
503 6141
7360 4859
0 0
0 0
3086 4050
5318 0
8982 0
0 0
0 0
803 248
9069 0
0 0
5696 0
8766 7585
9356 8845
4842 5185
8530 7415
1825 0
6610 8937
8328 7327
0 0
9249 0
0 0
9763 42
1951 0
7444 0
9156 0
2458 1237
0 0
0 0
9206 8070
1168 0
3657 4417
0 0
7211 2732
0 0
9378 0
7246 269
0 0
9035 0
9537 0
910 2206
0 0
0 0
6556 9638
0 0
8695 8973
5718 0
0 0
4642 7350
512 1143
7493 0
9087 3188
2949 4814
0 0
2695 5828
2858 4421
0 0
0 0
5467 0
0 0
1955 0
8033 0
4450 2317
9445 0
9974 0
27 2844
6005 0
4250 8468
1766 8546
1335 5157
0 0
7586 0
3284 9032
8211 0
0 0
2872 0
66 5670
2859 0
5314 2912
806 0
0 0
0 0
731 6766
1205 0
882 0
2017 0
0 0
8624 462
0 0
4381 742
6949 4239
8869 242
0 0
9054 1697
0 0
2641 0
1854 8289
1739 8364
8820 3677
0 0
3635 8292
0 0
4956 5161
0 0
5074 0
0 0
0 0
0 0
4998 0
0 0
0 0
6609 579
0 0
3990 7297
0 0
0 0
2455 6313
1176 8573
2854 5536
0 0
0 0
1765 0
0 0
0 0
1550 0
2588 3372
3737 0
9077 9614
8884 0
7782 0
0 0
2427 4952
0 0
2888 8073
0 0
9138 0
0 0
273 3049
0 0
2775 0
0 0
4113 0
0 0
8966 0
0 0
0 0
0 0
2804 4190
5609 1422
0 0
3550 0
0 0
6254 4848
1397 0
3491 0
2658 0
735 5304
8140 0
0 0
1074 7645
0 0
0 0
4559 0
7186 2300
0 0
6695 0
2472 0
8040 6123
3289 5121
1740 842
0 0
0 0
3110 0
0 0
2076 0
0 0
1101 9822
0 0
476 0
930 0
3356 8897
580 0
782 0
0 0
7428 1356
9019 1337
5365 0
6823 6632
1769 5661
404 0
0 0
2690 1857
1808 0
9618 0
6891 2679
7852 647
34 0
7125 4653
0 0
3943 6171
7674 0
193 0
123 500
5218 0
0 0
6431 0
6601 82
1683 1043
3452 6969
1163 0
0 0
75 9833
0 0
1370 0
4446 0
2573 0
0 0
0 0
645 0
9792 3533
0 0
6160 0
0 0
7 94
6102 816
2575 0
9093 6850
5956 6732
0 0
5470 0
7396 4522
2738 7635
3821 5796
0 0
0 0
3191 0
0 0
9188 0
0 0
0 0
9772 3844
4324 0
7337 0
9840 0
1442 8190
0 0
0 0
0 0
750 0
8243 7902
6896 0
4553 0
7208 0
2850 0
8043 1338
5883 0
7288 0
6031 9985
8474 0
0 0
6543 0
37 0
8329 0
450 6444
5901 0
0 0
0 0
0 0
5411 7795
0 0
752 0
0 0
0 0
0 0
7425 0
1704 0
2090 0
5922 1369
6009 0
8681 8915
785 5909
0 0
8003 8945
0 0
1489 1245
11 7694
6723 569
8282 891
2833 2325
0 0
7623 6101
3856 0
6360 0
5681 0
6909 9030
0 0
0 0
0 0
0 0
0 0
0 0
920 0
0 0
0 0
4345 3433
2474 6429
3671 3822
7858 0
0 0
6425 0
0 0
5473 7998
4281 0
4475 5008
0 0
0 0
8923 8506
3726 6978
8382 980
0 0
3210 8856
0 0
0 0
6794 0
0 0
1840 2307
0 0
3628 0
4344 0
2376 0
3310 0
5767 5734
5139 9773
9229 0
9698 9610
2914 0
9900 0
0 0
5874 0
793 1700
1513 7156
5423 7081
3811 3831
9167 0
6401 5403
2439 8080
0 0
0 0
6453 5693
5188 2089
4460 456
0 0
1315 0
5429 8217
5177 0
0 0
3834 0
8062 8630
5786 6510
0 0
0 0
9300 977
0 0
0 0
0 0
4656 0
0 0
6799 0
8248 0
0 0
8707 0
4035 5437
6056 0
0 0
0 0
6837 0
0 0
0 0
0 0
3897 9555
0 0
7094 3052
9990 6851
5112 0
0 0
2892 6916
5558 0
5010 8716
2353 0
4591 0
7921 9521
5362 2457
0 0
0 0
8694 2242
4556 0
9790 8514
0 0
0 0
3674 9746
2788 2878
0 0
9667 0
0 0
2114 0
4284 0
0 0
0 0
5098 6467
0 0
7786 3186
4543 8509
0 0
3492 1154
0 0
5156 7161
5474 3815
0 0
2161 0
5654 8504
4090 6348
8263 0
9404 7339
7537 0
0 0
5859 671
515 1348
8164 4211
5545 3135
9946 0
0 0
2650 7151
0 0
2327 8580
2543 5000
0 0
0 0
7594 8337
0 0
510 0
5964 6347
0 0
0 0
7972 0
5873 9809
0 0
7750 0
1135 0
2099 7212
320 0
0 0
3702 9545
3048 0
0 0
0 0
9687 0
4046 6413
0 0
0 0
1064 6494
3802 9424
0 0
8220 0
0 0
419 0
3068 0
2827 4852
2987 0
5278 6922
0 0
0 0
4964 5689
6903 4595
4503 0
1679 0
0 0
4514 0
0 0
6092 5738
9154 7213
6995 334
9112 9258
2674 1611
0 0
0 0
673 0
519 0
0 0
6072 4651
2669 967
0 0
0 0
0 0
5772 3555
9440 0
6611 2627
5187 0
3598 9601
5603 5105
1935 0
0 0
3126 0
7296 3119
4764 914
8241 0
2787 0
0 0
0 0
6675 0
5785 1405
0 0
0 0
2055 7057
0 0
0 0
0 0
4137 0
5794 0
0 0
6854 0
6041 0
0 0
15 860
1761 640
9952 1472
6513 0
0 0
3780 0
0 0
6710 0
5300 1962
0 0
7373 6370
8233 3258
0 0
973 2184
9508 921
0 0
1716 3664
270 0
4583 8015
0 0
3307 177
7558 0
0 0
5058 0
8699 5003
0 0
4308 0
1768 7114
0 0
0 0
0 0
4511 6540
1821 3716
9347 7663
8489 0
76 0
400 7877
1400 1659
6351 0
0 0
6068 0
7121 4238
0 0
6821 1056
9426 3219
6738 0
4278 0
7006 5410
0 0
3503 0
7926 0
0 0
3273 9876
0 0
3912 8035
8700 9678
2672 4
2548 0
5589 527
2009 0
5142 0
0 0
6414 0
0 0
2806 0
0 0
865 0
0 0
2306 9556
31 1139
2475 89
9922 0
0 0
6589 4380
120 3729
1253 0
3166 0
0 0
2684 9589
4052 0
7509 0
0 0
9593 0
4033 0
6931 0
4872 0
0 0
0 0
591 1621
1349 0
7689 0
3862 0
0 0
0 0
1417 2824
7470 0
6100 8746
0 0
2876 9719
0 0
1259 0
0 0
0 0
1763 7745
4953 0
0 0
9617 0
0 0
6985 0
1267 1964
4548 0
3032 2470
8242 7507
8021 2767
0 0
0 0
8159 0
4571 0
9147 0
0 0
1632 8911
2020 902
841 3924
5627 0
1535 7039
0 0
0 0
6386 0
0 0
686 5554
3575 0
8076 0
0 0
5048 1455
5517 0
5102 0
7659 0
2782 0
7508 4692
0 0
2149 0
4143 0
5326 7929
0 0
0 0
0 0
1034 6708
3179 3554
4748 0
1546 0
0 0
1084 0
2994 0
0 0
9708 2429
2339 9984
0 0
0 0
9835 0
888 0
7504 9029
3391 9843
2135 8559
0 0
0 0
3364 8948
0 0
0 0
0 0
2988 7832
660 5182
8664 0
9000 0
3384 0
7960 0
0 0
9056 9369
5955 3626
0 0
6771 0
4096 4874
7105 622
3448 0
0 0
8771 6406
834 0
3410 0
4649 4675
5104 0
9767 9862
1950 0
9070 5556
7748 0
6693 3965
0 0
675 0
0 0
4524 0
1009 0
6207 0
5425 3793
0 0
0 0
0 0
5999 0
9575 0
2272 9883
7767 5860
1395 8701
7529 6466
5268 0
9002 4231
5097 8548
8770 9361
0 0
9045 7839
1270 9895
2226 0
451 6250
0 0
1521 1628
0 0
0 0
5171 2920
1904 6895
7535 7686
0 0
0 0
1501 6051
5440 1126
0 0
8389 6065
43 0
1859 0
0 0
7735 4142
0 0
7113 7100
6157 3661
0 0
448 0
8918 257
0 0
2977 0
8832 0
6807 935
0 0
0 0
7739 0
7825 0
0 0
6168 0
0 0
1214 0
6379 4887
0 0
0 0
7582 1025
0 0
6736 7403
2745 0
2812 0
4662 4172
0 0
0 0
895 0
9956 5506
2752 6212
4400 2329
864 618
659 7747
6388 9666
9841 7596
1968 4401
6125 674
4012 0
5845 5369
8567 0
0 0
3251 0
0 0
4596 0
299 0
2221 0
0 0
292 0
0 0
0 0
0 0
0 0
7977 0
4619 8555
0 0
6841 7268
7615 0
3447 0
8231 0
6010 4412
4408 0
0 0
9401 0
0 0
2351 0
0 0
7140 0
7949 0
5866 3883
7994 0
0 0
0 0
3155 0
0 0
0 0
6076 0
3981 0
7390 1211
1733 0
7163 5113
5991 0
2214 0
4709 5335
9894 279
0 0
9526 0
4452 0
9312 0
7528 0
4781 0
8148 6987
1120 6516
8130 4980
6315 0
7909 3002
0 0
0 0
1421 0
0 0
3660 0
7363 8302
9867 0
2686 0
0 0
9165 0
1418 0
0 0
9637 2542
0 0
5739 6635
8885 0
0 0
0 0
0 0
1812 1735
366 0
4697 0
0 0
0 0
7717 3478
7025 5615
3231 3201
6626 5059
8348 0
1085 6953
0 0
9345 0
4645 0
9781 0
5312 1644
830 0
0 0
6682 0
7060 6387
0 0
0 0
8096 2210
7192 0
5453 0
0 0
0 0
8919 0
9142 0
8252 4333
4634 0
0 0
2505 9695
3725 1286
0 0
0 0
5544 9993
7581 9824
6012 4361
0 0
2630 2673
5630 0
6245 0
0 0
2092 0
7910 0
7737 5993
0 0
0 0
6529 0
0 0
4493 0
0 0
4650 0
8390 0
4317 2258
5605 9705
0 0
0 0
0 0
641 0
85 1891
6294 5346
8634 8662
8477 0
8362 2836
5931 0
5994 5596
3966 3206
6846 1403
2992 5882
6636 8815
0 0
0 0
2923 9838
6230 0
0 0
3414 0
1988 214
8927 0
3864 0
7599 6053
0 0
2731 0
0 0
5612 1587
0 0
8017 0
0 0
0 0
4784 0
3016 0
9288 0
1676 0
0 0
25 0
1784 0
2205 8889
0 0
5530 612
150 0
9503 1377
1885 3783
2889 0
405 6243
8875 7467
0 0
5338 3694
0 0
2851 0
8678 1896
0 0
0 0
1045 572
9470 1340
9479 8876
0 0
7167 7369
294 0
5154 0
4462 5210
9962 0
1236 0
4990 0
0 0
5345 4319
5531 0
6538 3072
0 0
0 0
2448 533
6667 0
1469 0
0 0
9632 291
0 0
0 0
8440 0
3471 0
0 0
8336 0
9149 0
619 0
5197 786
0 0
353 0
7874 4885
0 0
278 3607
8582 0
6434 9294
0 0
4329 3549
7744 97
434 2445
0 0
6173 9277
0 0
0 0
6936 7505
0 0
6692 1229
4109 1190
0 0
5293 0
8984 393
3141 0
0 0
0 0
0 0
7641 0
6979 0
6352 3790
3176 0
0 0
0 0
0 0
0 0
876 0
8732 9102
4254 1036
0 0
2595 2384
0 0
1770 4102
0 0
9584 0
5638 5522
9859 0
1429 0
9164 0
0 0
0 0
6719 0
6263 155
5957 0
738 0
9192 7989
0 0
0 0
0 0
2349 0
0 0
8862 0
7408 7443
4419 0
239 0
9743 2312
6828 0
0 0
3589 4416
4089 9611
8105 0
2523 4935
5854 9464
0 0
8497 0
5537 0
9596 0
4782 0
2504 3824
3442 0
7082 0
0 0
0 0
2671 3623
986 412
2995 210
1927 0
8959 8996
2108 8057
0 0
6630 0
5653 0
0 0
173 6514
4258 7077
949 0
9982 7638
6223 4772
9276 3075
577 554
0 0
6349 4209
4625 0
6109 125
0 0
0 0
0 0
5980 0
824 2707
8379 0
7418 4850
0 0
345 0
6116 0
0 0
1411 9648
1148 0
0 0
9290 2967
5687 0
422 4122
2365 0
5175 858
0 0
0 0
8403 0
0 0
0 0
8537 0
0 0
0 0
7282 5317
0 0
0 0
8092 4225
7625 0
4787 0
8975 165
0 0
9850 4073
5726 0
0 0
1994 1540
6241 9239
6918 9884
5784 2079
0 0
0 0
0 0
3899 0
0 0
0 0
3394 0
2619 0
6323 0
1174 0
9096 0
2391 2764
544 0
9262 9389
3568 0
0 0
7894 8639
0 0
2424 0
8324 1254
5396 227
3293 6210
5897 4860
2506 5230
0 0
0 0
0 0
3455 3175
0 0
4425 5190
4206 0
4577 9931
7037 0
0 0
3325 0
0 0
7765 9855
1960 0
714 498
0 0
1380 1480
5503 0
0 0
0 0
5773 3586
0 0
0 0
2792 0
4217 0
395 0
7797 4304
2389 0
2072 0
0 0
3611 2599
0 0
0 0
9252 6454
0 0
4283 0
0 0
0 0
8020 0
0 0
2122 3592
8250 5555
0 0
5674 8078
4839 2041
5307 6770
970 475
4271 0
65 9213
4196 6694
5086 0
0 0
1903 6898
9331 0
5444 3676
0 0
7985 0
0 0
1773 0
0 0
0 0
0 0
5214 0
0 0
0 0
1931 2273
1014 4554
771 0
7637 4701
6118 9890
7315 7590
0 0
0 0
10000 0
0 0
0 0
7165 0
1571 2513
0 0
1934 1670
1624 820
2123 4671
0 0
3985 0
0 0
3881 3427
2290 6408
787 4884
0 0
1054 0
3542 0
0 0
0 0
7917 0
7286 4930
8177 3581
0 0
0 0
0 0
2913 4713
2796 0
1794 0
0 0
3194 4549
2111 0
1873 0
4065 0
0 0
0 0
4005 7377
1290 0
0 0
5244 9170
9979 2587
2410 0
8603 0
2544 9665
0 0
0 0
0 0
0 0
0 0
2620 0
0 0
0 0
8934 0
0 0
4831 0
0 0
4911 0
1997 2176
410 4914
4834 0
0 0
1820 0
7089 2496
7256 0
7794 0
2492 0
5872 5295
0 0
0 0
0 0
3925 0
667 0
381 0
6463 0
1688 3131
887 1061
6472 2996
3808 0
9573 0
0 0
0 0
0 0
0 0
1631 9683
8154 0
1019 0
9592 0
5180 0
8146 0
7233 1909
1868 4788
8960 4779
3428 3205
4951 0
922 0
0 0
9150 2691
3214 156
5787 0
7210 0
8674 5547
348 0
2484 0
1024 2655
9580 8373
2443 0
4183 6586
5464 0
0 0
4313 0
5608 8193
3466 0
249 6059
6743 0
0 0
0 0
5118 2692
7857 0
6304 0
3417 2817
5147 2071
8365 5057
0 0
4095 6558
6303 7021
4199 0
8505 0
5790 0
6133 508
0 0
0 0
1011 2704
1884 0
0 0
5969 5700
5944 2973
0 0
5309 0
8200 0
0 0
2282 0
9143 0
0 0
5270 0
8022 0
152 5677
0 0
8653 2717
9887 1969
8469 6960
810 0
0 0
0 0
1486 3123
4318 5900
9783 5813
3644 6087
0 0
2719 0
4487 0
4128 1792
0 0
4074 852
260 9722
9308 5925
0 0
0 0
2604 4945
9726 0
0 0
0 0
9344 0
0 0
3714 7491
5621 0
0 0
832 0
1330 8333
2369 1767
0 0
8954 0
4677 7830
8829 0
1230 4605
2621 0
0 0
0 0
3005 6906
592 761
0 0
0 0
0 0
8000 0
3132 6389
8905 0
0 0
4443 5024
8814 0
0 0
6553 0
0 0
48 4760
0 0
1295 8968
0 0
0 0
0 0
7593 1334
8834 3748
3479 6937
9025 5202
3922 0
5759 3895
7957 0
0 0
0 0
4716 6337
8465 0
6471 2047
0 0
1173 0
0 0
0 0
1435 0
0 0
2116 3122
2068 0
3164 0
7289 2247
5865 0
5229 0
6884 4252
8185 0
5571 0
5381 0
687 5337
1976 3782
4353 0
0 0
4395 0
6451 4488
9254 1427
8153 0
7979 6023
5484 9235
0 0
0 0
7890 0
7283 0
0 0
2428 0
2652 1393
7597 0
234 0
9432 2420
8024 1658
698 0
2001 0
0 0
5832 7053
7118 0
0 0
8943 7660
4226 2611
0 0
0 0
0 0
7810 0
265 0
280 0
8991 7776
1470 4486
0 0
2893 0
2057 5070
0 0
5198 0
7980 7486
213 0
0 0
9986 0
0 0
6279 0
6624 7485
0 0
8976 0
4738 4976
6833 8257
4264 9107
0 0
3633 0
0 0
2164 2159
1813 1426
457 9541
6197 0
0 0
0 0
0 0
7056 0
788 5090
0 0
0 0
5551 0
0 0
3233 3185
2200 952
8404 7759
3435 0
6808 9651
7895 0
7254 0
0 0
2748 241
6215 0
739 0
0 0
8005 0
341 5768
0 0
567 8554
5132 0
0 0
1729 0
9543 0
9104 4615
1448 0
4152 0
3294 6506
0 0
0 0
0 0
4402 8132
613 0
3154 3873
0 0
1078 1046
0 0
0 0
0 0
1569 0
0 0
4424 866
3851 0
8125 3429
6796 8824
1682 8276
0 0
1732 7719
7471 4158
0 0
2759 4472
0 0
0 0
7368 6745
7038 0
1496 0
3142 2289
1995 4923
0 0
0 0
1162 0
0 0
0 0
0 0
3735 0
0 0
0 0
0 0
0 0
0 0
859 2972
0 0
7331 3902
9633 5088
7510 1494
2866 0
0 0
4786 8718
52 0
0 0
6105 7406
1512 0
0 0
0 0
5391 3340
0 0
1264 0
3344 3297
1845 0
3696 6476
0 0
5054 9892
3208 0
3863 0
2120 7915
3972 0
2554 2454
2815 7559
8383 0
0 0
3743 0
4988 0
0 0
7630 0
222 0
0 0
6604 7352
8438 0
0 0
0 0
5861 0
7729 8750
0 0
3100 1463
8473 6925
0 0
3989 0
7822 0
1341 0
2413 0
0 0
0 0
872 7499
0 0
69 1249
7886 0
8417 2917
745 0
1130 9011
0 0
637 8004
0 0
0 0
0 0
159 0
4558 0
6177 7474
8643 114
4593 6268
7911 0
1072 0
0 0
0 0
2285 2592
0 0
1532 3603
4242 8019
5781 0
4965 79
0 0
857 186
5330 0
0 0
0 0
8082 616
0 0
0 0
0 0
4394 0
5921 9532
6436 0
0 0
4184 2706
4679 0
4711 0
0 0
0 0
3490 1153
4070 5869
3008 0
8749 272
3998 429
0 0
0 0
4210 0
0 0
4154 0
0 0
4533 8925
1144 0
484 0
0 0
5387 0
4489 5560
3259 4617
0 0
0 0
0 0
5028 5753
0 0
309 8342
0 0
0 0
6943 0
4309 8194
8387 0
240 0
0 0
1412 0
0 0
0 0
0 0
6616 9565
3087 8865
3021 3928
0 0
3371 0
0 0
3149 2335
1759 8448
0 0
6194 797
482 0
1991 3757
8779 0
0 0
0 0
3719 0
2884 8999
0 0
0 0
1554 5035
9861 0
0 0
6491 0
0 0
9967 6677
0 0
0 0
3563 5339
0 0
3136 9780
7867 0
3858 0
4698 5899
0 0
0 0
0 0
0 0
3327 0
5 0
0 0
4685 4913
5022 3518
8761 4660
2069 0
6791 2583
1660 0
0 0
0 0
2066 0
6071 6327
8156 0
1461 7264
3732 0
0 0
6990 8113
639 2660
0 0
0 0
8180 0
8696 0
0 0
0 0
6725 0
8286 5354
3286 8757
931 9999
8101 1013
2991 8813
0 0
3958 9893
4691 6331
0 0
53 4858
4783 2195
7844 198
0 0
0 0
6219 0
4994 0
0 0
0 0
0 0
0 0
364 0
0 0
7194 5683
5409 6885
9099 0
0 0
325 8926
0 0
1378 0
6596 2265
6140 0
7329 0
2857 0
4040 4636
9701 0
7796 0
0 0
0 0
0 0
1281 0
7670 0
7970 0
0 0
0 0
5041 3494
9184 0
2965 4204
0 0
1518 133
7205 0
0 0
0 0
0 0
0 0
0 0
4927 6372
5367 0
0 0
1565 0
0 0
0 0
0 0
0 0
4077 0
0 0
0 0
6111 0
0 0
3450 7489
7255 6735
0 0
0 0
0 0
0 0
426 0
0 0
0 0
0 0
7770 0
4603 0
4778 0
9153 0
9228 1866
2129 5668
1834 7492
4795 0
0 0
4248 0
6061 0
0 0
6447 0
5433 0
0 0
0 0
6511 3874
6252 1376
4018 3622
3374 0
4221 7104
7080 0
9071 0
4039 0
0 0
5731 4810
4491 0
0 0
0 0
1132 7954
7357 0
0 0
0 0
9461 6870
0 0
9623 7577
0 0
6167 0
0 0
0 0
5069 0
6029 74
0 0
7502 4214
957 0
2568 0
4582 7394
0 0
2614 4771
5075 0
6369 0
8228 7496
845 760
0 0
0 0
9727 0
1433 4630
0 0
9754 0
3712 0
9820 1151
8511 958
1910 7401
3906 0
0 0
0 0
5342 0
0 0
92 0
4010 8863
1634 0
0 0
2058 0
4766 7546
0 0
0 0
5224 268
1746 2179
1179 0
7898 0
3869 0
6804 0
9520 4770
0 0
0 0
0 0
0 0
0 0
0 0
7804 0
2869 0
2526 0
6007 4853
6456 4753
9091 0
0 0
7565 0
2402 0
0 0
0 0
2868 0
8629 0
7243 0
3029 0
0 0
4844 0
2367 4723
6432 0
4544 8094
0 0
6549 9097
7609 0
7562 0
0 0
6568 0
6481 3509
0 0
2220 0
6314 3620
0 0
0 0
9643 0
0 0
3168 0
2809 0
6235 0
5587 7442
6131 0
7740 378
1978 0
5800 4970
0 0