10000 3259
9464 0
0 0
0 0
1397 5960
2025 0
0 0
9914 0
0 0
5180 0
746 7986
4374 0
0 0
8018 3755
5837 1135
9878 6092
2412 0
8873 0
0 0
0 0
5326 84
0 0
0 0
5812 0
0 0
4299 0
7695 0
0 0
8017 0
6012 3126
7314 0
0 0
0 0
0 0
1900 5709
5311 0
0 0
60 0
8267 0
6794 0
0 0
267 6803
0 0
0 0
0 0
9650 5980
0 0
4216 4095
0 0
7383 0
945 0
0 0
0 0
0 0
0 0
0 0
6243 0
4803 2776
5259 0
0 0
7849 0
0 0
4087 0
509 8112
0 0
6196 2279
0 0
0 0
9718 0
8035 0
4288 0
1353 0
0 0
8024 3937
0 0
7641 7366
9738 6385
2749 0
5437 0
7870 6390
2294 0
6748 6175
5249 0
5320 0
9978 6837
6894 2662
0 0
0 0
4444 0
0 0
5681 0
8540 3279
875 0
6940 580
0 0
3450 822
2371 0
0 0
6122 0
1403 0
0 0
3287 0
0 0
0 0
7068 0
0 0
0 0
298 0
5085 5355
5343 0
1965 3604
7540 2583
0 0
4296 8861
8900 0
3439 0
0 0
499 0
8599 1980
7914 0
6400 0
1005 1920
0 0
0 0
0 0
4745 8204
9435 0
274 9076
3668 0
3983 3387
9958 7876
9775 0
9907 6580
4768 0
0 0
0 0
0 0
9725 902
1877 4365
0 0
0 0
1840 0
5881 0
3670 5351
8947 0
2860 0
0 0
7233 0
637 0
7578 0
0 0
7368 0
8932 2846
2926 0
0 0
287 603
0 0
7700 7181
3995 8057
0 0
3658 0
8134 0
0 0
4132 0
1912 0
9287 8360
0 0
578 0
7990 0
8416 5813
0 0
2241 0
9979 1930
0 0
0 0
0 0
691 0
9961 0
0 0
0 0
4935 0
3514 2103
475 0
0 0
5455 9167
9256 0
0 0
8819 0
4837 507
0 0
0 0
0 0
6039 0
1390 0
3540 0
9307 4893
0 0
550 6207
8700 0
8159 0
5329 0
7527 0
494 0
9402 7613
0 0
2783 4780
0 0
0 0
0 0
0 0
2457 2051
4984 0
462 4089
5767 3098
0 0
3137 0
3 0
7508 0
0 0
1287 0
0 0
0 0
0 0
23 0
0 0
0 0
5603 0
0 0
0 0
4508 0
0 0
6083 0
0 0
0 0
0 0
4865 1229
520 9968
9452 0
899 4416
0 0
759 3779
501 7636
568 0
2427 2366
0 0
0 0
6915 0
5014 8242
0 0
0 0
4857 4828
3310 2357
4552 0
0 0
9834 0
5352 0
8621 0
0 0
4322 0
0 0
7004 0
1217 67
4775 6059
1988 3008
0 0
0 0
4377 5538
4104 0
0 0
1687 0
7240 1796
8047 0
0 0
7801 0
3096 6226
6957 4714
0 0
6381 1422
9157 0
0 0
8780 874
9394 7684
5582 3734
8138 0
1614 1094
227 6267
0 0
1420 444
7469 0
0 0
0 0
0 0
0 0
6842 0
0 0
0 0
1923 3015
0 0
5200 0
9297 1644
0 0
0 0
4064 0
43 0
0 0
0 0
6278 0
7988 0
575 5364
6908 0
0 0
5846 0
9448 0
7488 0
6478 5938
1770 0
5050 0
0 0
0 0
8429 0
1268 0
0 0
0 0
5522 0
8247 0
8744 8804
0 0
2144 2223
1119 0
1072 0
0 0
0 0
5048 3971
0 0
3127 0
1676 0
5155 8891
0 0
835 0
0 0
7199 0
0 0
0 0
0 0
0 0
7014 1756
4560 5282
1594 6831
165 6211
6575 0
0 0
0 0
2938 1804
530 951
0 0
0 0
1070 0
9429 5513
0 0
4471 7444
7407 0
2238 0
6579 2011
720 3320
9318 0
0 0
6992 0
0 0
0 0
2743 7322
6405 0
362 0
9959 5412
6161 7618
0 0
0 0
8679 8290
3564 6387
0 0
8838 0
6121 0
7818 0
6980 4029
0 0
3916 3147
8402 0
7726 4331
2517 0
8228 0
2028 8113
7178 416
0 0
2417 5793
7282 0
4267 6379
1163 6375
1000 0
6104 6156
9649 0
0 0
0 0
7928 5672
5283 0
0 0
0 0
747 804
2806 0
65 2523
2978 0
0 0
120 0
6038 8439
4723 4930
214 0
0 0
0 0
1466 0
0 0
0 0
0 0
0 0
3765 7205
7098 4819
5086 0
0 0
8851 0
8181 5541
5080 0
0 0
0 0
3610 0
0 0
6474 7682
0 0
511 0
4215 0
0 0
8044 0
42 0
9887 0
9363 5773
712 0
0 0
5313 3314
1598 5732
3057 6201
0 0
0 0
5284 7556
0 0
0 0
0 0
0 0
0 0
1381 0
7691 0
1635 3676
3085 4400
0 0
0 0
6091 0
0 0
4683 6460
0 0
0 0
0 0
5287 0
0 0
1506 0
1244 1529
9741 0
0 0
946 2288
9372 3202
4317 1738
0 0
0 0
0 0
1898 0
2715 0
9876 0
0 0
9761 6890
2509 0
5263 5668
1705 0
2871 7532
2311 1984
4356 8640
9886 0
0 0
1197 3531
8905 9015
3613 4652
0 0
7361 8614
5492 0
6431 2521
7363 8964
0 0
7483 3890
5947 0
0 0
1991 4158
0 0
8351 8389
0 0
0 0
1049 0
0 0
974 5368
0 0
1191 2990
2000 9774
0 0
0 0
0 0
0 0
9409 0
4348 0
7662 0
9739 5478
5110 0
5334 0
0 0
0 0
1632 5712
930 5739
0 0
9461 4846
7707 0
9016 0
0 0
2830 5401
4350 0
0 0
0 0
1918 5630
4868 6775
2053 0
6922 1683
1819 4690
6723 3868
601 9833
0 0
5824 0
0 0
9538 3724
5432 0
0 0
0 0
0 0
0 0
6920 0
8019 4812
6284 780
3334 0
2678 0
7635 0
496 3958
9037 0
284 0
2906 9734
0 0
8911 0
5823 0
0 0
0 0
0 0
9472 1053
5509 0
2665 0
693 0
1631 5745
9807 1194
0 0
7229 4699
236 0
8430 0
1725 0
4805 8186
6928 0
9012 9283
5847 0
8647 1950
4748 0
4092 0
4884 0
3446 0
1192 2720
0 0
2035 0
7510 0
0 0
2479 1577
0 0
7711 8758
0 0
3067 0
6780 1149
6470 8533
0 0
0 0
8433 7972
3114 0
7782 0
0 0
1944 9055
8341 1090
0 0
669 7593
4502 1153
2741 0
0 0
6103 0
3961 6984
768 2966
0 0
4312 586
0 0
0 0
6876 0
1534 0
0 0
4875 0
3094 0
6774 8106
2160 0
2890 0
0 0
0 0
0 0
9527 9665
7490 0
8079 0
7242 0
9783 7523
6158 8893
1584 8006
8298 8482
0 0
1425 229
0 0
2282 8610
6522 8948
2835 0
9821 0
0 0
2779 4310
0 0
148 9798
6066 0
0 0
8724 0
0 0
1328 6486
2538 3955
0 0
0 0
9519 7137
0 0
7147 9374
660 1485
4872 3801
7821 4749
938 383
6793 8279
7494 3878
0 0
2280 0
8421 0
3254 0
0 0
7884 0
0 0
4287 802
8937 9755
3739 1817
5398 0
6912 2948
0 0
4632 4470
5606 4662
6309 0
0 0
0 0
4133 0
0 0
0 0
3740 0
5692 0
2979 4140
6539 0
3375 4381
9208 0
3125 0
0 0
4850 7837
0 0
0 0
1355 2811
3324 0
0 0
7772 0
0 0
6540 0
0 0
0 0
0 0
0 0
9939 0
9908 0
7381 7026
8794 0
0 0
414 0
0 0
0 0
0 0
3925 0
7904 6227
0 0
1031 0
6561 0
1556 0
338 0
7457 0
0 0
0 0
0 0
6713 0
0 0
0 0
0 0
5044 0
6149 0
4159 0
0 0
6377 0
4755 0
8308 3435
7920 8155
6698 0
7243 0
9319 9383
2689 6143
5015 4504
8077 2623
0 0
0 0
0 0
6965 1464
0 0
3780 1093
7428 7709
1409 8180
3810 0
0 0
0 0
0 0
0 0
3086 0
0 0
6833 3929
0 0
2557 7894
6116 112
569 3294
0 0
0 0
8398 8980
0 0
209 5777
4218 796
0 0
0 0
0 0
0 0
7932 953
6759 6823
0 0
3061 7305
0 0
0 0
0 0
7146 0
0 0
3794 1720
752 3006
1311 2449
5814 9262
0 0
3638 829
9367 6790
0 0
6860 4532
1943 1856
3509 0
9820 0
0 0
1618 8729
8747 1563
0 0
8320 0
5896 4537
1508 0
0 0
4821 5934
8726 3539
694 4361
7992 1834
0 0
8349 0
1622 3390
9932 0
7399 0
0 0
638 7530
9176 0
7324 0
0 0
0 0
0 0
3698 2105
9501 4054
4004 0
8939 0
0 0
515 8567
0 0
8986 0
0 0
1968 0
0 0
0 0
0 0
4555 4190
0 0
560 0
0 0
3991 0
3360 8438
671 0
0 0
7934 0
3377 3936
5436 0
2899 9378
0 0
0 0
7511 0
6101 0
3365 6123
3192 5889
0 0
0 0
0 0
1940 0
0 0
6221 596
3682 4375
0 0
8881 0
4593 0
7437 0
0 0
0 0
3152 7301
3213 70
0 0
0 0
0 0
7176 0
0 0
4490 6282
0 0
9926 1711
0 0
9765 3056
1110 9856
4109 0
0 0
6670 6290
972 6002
4605 8220
4841 8087
5202 0
1470 0
0 0
6074 1186
6137 11
4646 0
0 0
0 0
6135 0
6257 9266
0 0
0 0
5420 8245
7272 0
0 0
1109 8987
0 0
5797 9810
9902 3864
0 0
4509 6050
0 0
1540 2679
265 0
0 0
0 0
0 0
8497 0
0 0
0 0
3541 4176
0 0
6760 9178
9742 0
2798 0
0 0
0 0
0 0
3927 3585
0 0
9407 0
0 0
6159 0
9276 292
6821 5083
5914 5179
0 0
4626 0
5713 0
9002 3429
0 0
3353 0
0 0
9764 3089
1037 0
0 0
2889 3845
0 0
0 0
0 0
139 942
1498 0
0 0
0 0
7825 0
0 0
0 0
8005 4711
5831 0
8801 0
3009 0
3388 9913
7833 0
0 0
758 0
0 0
3549 0
0 0
0 0
4551 2773
3461 0
7718 0
1512 8605
230 0
9239 0
2530 0
0 0
2965 0
0 0
0 0
6140 0
7120 0
3459 7926
4233 0
3301 7845
1256 6523
0 0
9180 0
0 0
0 0
0 0
9839 0
2624 0
0 0
343 0
1865 9403
0 0
0 0
9236 0
4491 0
0 0
0 0
8033 1493
5141 4025
3862 0
0 0
1758 0
0 0
1445 7756
3413 0
360 0
6642 0
5733 6360
3894 3190
9252 7061
1682 0
0 0
2626 0
0 0
219 0
9542 0
6782 1860
6520 0
6885 0
9440 773
8162 889
394 3123
969 2326
5216 0
6783 8255
0 0
9315 0
4255 2477
393 0
0 0
0 0
2465 0
0 0
0 0
9009 9691
123 1891
9160 0
0 0
6973 0
3595 0
3659 6145
3931 2100
1387 0
6654 3317
0 0
326 0
0 0
0 0
4971 6062
0 0
3258 0
0 0
0 0
3915 0
3403 6487
0 0
2873 1341
0 0
7286 3719
0 0
2297 2781
5062 0
2836 0
3481 3695
0 0
114 8639
6054 3683
6141 5521
7107 249
0 0
8595 554
6119 2396
6477 0
8978 4587
1500 1044
0 0
2044 0
8994 9583
2084 406
0 0
6530 9729
1367 0
380 7601
7095 6043
175 0
2628 0
0 0
3313 7815
0 0
0 0
3671 0
0 0
1519 0
643 2933
8282 0
2573 2313
1125 0
8592 0
0 0
5520 8510
5555 5145
5620 7864
5319 0
9311 4145
9214 3675
6639 0
4712 798
0 0
0 0
6197 4449
9550 9329
0 0
0 0
192 4864
1442 1855
0 0
7962 2104
0 0
4954 0
4809 7538
0 0
1352 0
1167 8136
0 0
0 0
8232 2063
7186 0
0 0
6911 0
0 0
0 0
8768 4431
0 0
6740 0
0 0
5269 314
0 0
0 0
4114 0
8209 3629
6076 543
2079 0
7048 0
9847 3041
2495 2680
7342 0
0 0
7907 0
2312 0
7237 5323
9992 0
812 0
3445 0
9801 0
0 0
2636 4548
0 0
6341 5310
5253 44
0 0
9578 1774
7646 1559
0 0
0 0
7234 0
2876 4766
8016 0
5446 0
0 0
9546 2958
5964 9130
0 0
0 0
9482 7922
5112 0
9133 0
7927 0
4945 8776
8197 676
0 0
0 0
0 0
0 0
0 0
0 0
0 0
0 0
6693 0
163 0
9387 3523
1964 1158
2936 0
4969 0
0 0
9608 0
4531 0
965 5987
8645 8363
6040 0
2815 5131
0 0
6193 0
0 0
3271 3453
0 0
0 0
0 0
1947 0
5428 4867
0 0
8200 0
0 0
2113 0
4019 0
1146 9022
680 0
5090 0
9570 0
9271 0
7671 9910
0 0
2728 0
0 0
7712 2499
3200 0
6229 0
0 0
0 0
2243 0
2458 0
7487 0
0 0
2414 0
0 0
222 0
0 0
0 0
0 0
2850 1193
8598 0
3374 0
0 0
6966 0
6001 9776
0 0
4616 8790
6107 523
6942 3738
228 0
1695 0
4788 3223
8140 0
0 0
3596 0
345 0
6380 5507
7467 0
9944 0
5431 0
225 2117
0 0
0 0
2694 0
1646 0
8382 21
5560 4286
0 0
2439 0
809 5278
0 0
2379 0
0 0
0 0
0 0
2929 0
0 0
445 5463
2202 865
4598 5736
7757 4644
3155 0
2972 0
0 0
9933 7856
0 0
7581 0
7663 0
4741 6217
0 0
6528 756
6943 6472
4386 6455
4625 0
2506 0
0 0
233 0
0 0
3744 8977
9962 1516
3895 0
2258 0
2261 1580
0 0
7440 0
96 0
7713 0
5317 0
674 5749
5529 0
7017 0
6718 2
0 0
668 0
6108 0
0 0
4849 0
46 0
0 0
3092 0
3824 9594
6223 0
0 0
5707 0
8395 0
880 173
5696 2336
1903 6128
0 0
7267 0
0 0
4098 9505
9145 7603
0 0
0 0
0 0
4049 0
0 0
9456 9393
3729 5598
4901 0
0 0
2935 4922
6289 0
8157 0
0 0
8412 9127
0 0
6880 1333
6308 0
0 0
8334 0
8059 271
0 0
0 0
2369 6548
7274 0
4493 3663
0 0
9656 9449
0 0
0 0
1850 0
4577 6617
7471 1203
0 0
0 0
8963 0
0 0
3291 5185
0 0
247 7987
0 0
0 0
0 0
0 0
0 0
8967 0
119 6111
8716 0
257 0
4501 5102
4113 0
0 0
161 0
1248 6632
2394 7793
0 0
5307 0
0 0
0 0
3814 6554
6426 8731
0 0
6183 0
0 0
0 0
7106 0
920 0
0 0
9199 315
2608 0
4355 0
6146 2975
8064 0
0 0
0 0
2164 4094
6362 6048
0 0
4618 0
5124 429
4242 5289
0 0
2440 9787
4187 0
3601 2785
0 0
2502 3852
6529 4425
4167 7963
0 0
5933 0
9969 6057
3593 0
2667 2257
7984 0
0 0
0 0
6582 0
3269 512
8580 0
0 0
0 0
215 0
0 0
0 0
41 0
9591 0
2981 0
7391 2102
0 0
9688 3889
4193 0
0 0
3480 5498
0 0
5051 0
9350 0
0 0
0 0
0 0
911 7526
0 0
7615 0
0 0
4816 8965
1343 0
3967 8215
0 0
0 0
4108 0
4179 1772
0 0
0 0
1948 0
6895 3034
0 0
9413 8952
0 0
0 0
8437 0
6429 0
3423 0
2616 7122
9636 8455
9491 0
8798 1457
4010 0
9900 0
0 0
5526 0
1936 2060
145 3226
0 0
0 0
0 0
4715 7631
7499 0
2834 0
1042 0
755 0
9205 4689
8427 9616
0 0
0 0
0 0
4172 1517
0 0
0 0
8907 0
7514 0
8269 0
0 0
0 0
0 0
4890 0
4406 3055
3974 2645
0 0
7696 588
0 0
6527 8667
3849 0
0 0
7331 4804
2429 6964
1864 0
1198 0
0 0
3380 652
0 0
0 0
0 0
8350 0
0 0
0 0
8199 3073
828 4227
8652 861
0 0
204 0
0 0
9247 0
0 0
4139 4612
9911 0
6417 0
0 0
0 0
663 9763
466 0
6706 0
6954 0
1275 5948
0 0
0 0
1939 0
7816 0
4336 0
716 0
0 0
0 0
0 0
0 0
627 8785
0 0
0 0
403 0
4484 8100
0 0
0 0
0 0
0 0
5394 4830
0 0
3084 7501
5445 0
0 0
9728 3733
2650 0
0 0
2469 1521
8857 5032
0 0
9556 9830
329 0
8177 3306
7495 0
7571 0
5968 5172
956 4110
0 0
5469 1299
9897 8526
0 0
2003 0
3898 0
2548 1591
0 0
8568 3645
7249 0
0 0
5827 2358
0 0
4009 0
0 0
0 0
9553 0
8637 5780
0 0
0 0
0 0
1116 0
7917 0
9504 0
9509 6756
8316 2686
9423 0
154 0
1545 0
4036 1365
0 0
5763 0
0 0
3828 3062
4131 3157
8393 2298
0 0
7429 8733
0 0
0 0
0 0
4615 3024
5285 7954
2697 5611
0 0
2466 8576
4866 0
1364 0
0 0
2097 1742
0 0
0 0
3570 0
0 0
0 0
1746 5974
7729 0
9717 0
0 0
5490 0
1122 0
0 0
1586 4963
0 0
0 0
3816 1295
0 0
2074 9548
7136 9934
0 0
0 0
319 7475
4410 2951
0 0
0 0
0 0
5464 455
420 3163
6395 0
3367 0
4182 2868
349 0
8122 0
8034 0
0 0
6458 3892
0 0
3449 6463
0 0
4430 0
8265 0
9845 0
3285 0
0 0
0 0
2476 0
9919 0
6612 0
1316 4170
6651 5757
0 0
2683 9818
0 0
0 0
0 0
5629 0
0 0
0 0
0 0
3577 0
5657 0
295 6672
703 0
0 0
0 0
9117 3708
9700 3642
4241 0
2057 8310
9638 2962
5071 0
9502 2344
6953 6182
0 0
0 0
4988 9912
830 4731
0 0
3333 0
3309 0
0 0
8677 2193
4058 0
3016 4506
0 0
252 9675
9558 355
1170 9882
5601 0
0 0
7221 0
754 7737
6595 0
7529 0
0 0
0 0
0 0
5892 5645
2577 0
0 0
0 0
5389 0
2843 0
5190 0
2207 0
0 0
0 0
8499 0
5271 2250
1342 3858
1652 0
0 0
6677 0
0 0
0 0
1740 3249
2392 7255
3264 7210
0 0
3840 2453
0 0
0 0
4414 20
1899 0
4825 9312
6678 0
182 1731
3243 0
1450 0
0 0
3315 3897
5275 0
7355 0
1398 0
1615 0
3386 1408
0 0
3010 6026
7855 0
4481 6462
0 0
7558 9528
0 0
0 0
4326 7500
0 0
5859 320
0 0
5998 0
0 0
0 0
4164 8217
0 0
9460 2570
0 0
0 0
0 0
6562 0
9481 0
9382 0
0 0
6459 3236
8670 0
6296 0
4725 6947
0 0
0 0
0 0
1024 6134
0 0
2731 0
9326 0
3756 5078
5003 5596
8271 0
5533 0
3418 5595
0 0
5547 0
0 0
6792 630
4853 0
0 0
6373 0
3842 0
5616 1329
3811 4934
9018 0
831 0
7668 1285
3552 6457
9348 4858
0 0
3081 0
0 0
118 4209
1835 4154
6346 0
1752 0
0 0
0 0
0 0
9147 8886
5500 0
0 0
0 0
5045 0
2853 0
6993 2692
0 0
0 0
0 0
3394 2024
5956 0
0 0
7785 2172
3641 1872
8954 2041
0 0
6316 0
1490 6009
2586 0
3547 4473
0 0
7349 8340
0 0
2370 1307
0 0
624 0
0 0
2210 3956
3161 2859
843 7697
4003 4546
0 0
4757 0
3460 2125
8600 0
3095 0
0 0
0 0
452 6100
1672 0
6216 0
0 0
9418 2159
0 0
0 0
1345 0
0 0
0 0
4041 7886
2167 0
3104 6844
6797 2576
8399 3615
805 0
0 0
4370 0
2526 7978
0 0
4978 0
128 7131
4163 7820
1032 7179
1474 3145
237 3618
5726 3627
4880 5613
0 0
1569 1876
2812 0
7993 3402
0 0
7625 413
8626 8176
6423 5939
0 0
0 0
0 0
0 0
1927 3457
0 0
0 0
4189 2234
4764 2545
740 2138
2147 7320
3831 0
725 0
0 0
0 0
3818 1956
2354 2318
4528 0
3172 2900
6234 6031
1890 8707
0 0
1101 0
584 0
2963 0
6052 0
0 0
1531 7430
0 0
8390 5413
5563 7177
1777 0
7744 3874
8236 5272
8898 9344
4769 9447
6388 1880
2229 0
9872 6960
7542 981
5033 0
0 0
8333 4428
0 0
0 0
0 0
3293 6024
0 0
2240 242
5245 4885
0 0
0 0
7997 0
0 0
0 0
2106 7223
5052 0
7518 7196
8326 0
3381 1958
1729 0
5280 0
1207 0
506 169
4628 0
0 0
7388 9039
0 0
6189 0
7936 5943
0 0
696 0
1240 5714
9703 8248
0 0
2959 4807
0 0
6731 5056
1461 7387
688 1232
0 0
0 0
1171 0
0 0
6081 9376
614 0
3924 0
0 0
1560 9598
8837 0
813 8751
0 0
6067 0
6804 0
2031 0
1831 0
0 0
3922 0
1263 2569
9609 5865
0 0
0 0
8040 0
4044 0
2827 2335
0 0
0 0
1289 9153
0 0
818 0
2908 0
4199 0
0 0
3261 0
5705 0
0 0
0 0
916 0
0 0
5737 6266
0 0
0 0
3511 0
8 6206
6187 0
6248 3711
0 0
0 0
2804 6071
6505 0
0 0
0 0
0 0
8445 0
0 0
0 0
5683 0
4793 0
0 0
0 0
9317 6073
4460 3473
6263 6867
0 0
0 0
6412 5862
4086 8988
0 0
332 0
7693 0
8473 785
0 0
8324 0
1068 3933
1585 2559
5635 9305
9943 1091
6392 0
0 0
5291 0
1651 3532
3025 0
0 0
6547 7679
649 0
0 0
0 0
0 0
0 0
0 0
8470 9216
3789 8375
0 0
3273 0
2696 125
5114 6364
0 0
0 0
4225 0
4063 9631
690 5920
0 0
4526 8501
4718 6440
132 9193
0 0
0 0
6303 6020
2795 5390
8188 1589
3498 5227
3587 446
0 0
5832 7701
0 0
0 0
0 0
3183 3354
5371 9499
5019 2220
6877 0
7367 0
7063 2486
9920 7985
0 0
2747 2647
0 0
2752 25
2801 8529
9503 0
6611 0
8908 0
0 0
3424 5360
0 0
0 0
4620 0
7710 0
0 0
0 0
0 0
0 0
1225 0
9083 1301
3462 2500
7161 0
2635 9303
4541 0
2730 0
7796 3919
9651 4075
0 0
1810 7708
3653 2420
0 0
1677 5955
2290 0
4740 1283
9793 4564
0 0
0 0
3276 0
8068 1887
0 0
0 0
4345 0
0 0
0 0
7745 6033
0 0
3148 6098
1674 3553
8359 0
423 253
1916 75
0 0
0 0
7575 0
4465 0
0 0
2170 3832
6250 6255
5783 6977
0 0
1439 0
3984 8263
5844 0
2754 0
0 0
9105 3204
0 0
2145 0
449 0
7271 1041
0 0
53 2237
6311 0
5388 8777
8703 0
9661 0
240 1811
9238 9832
2508 0
9220 0
7438 1759
0 0
7730 8509
0 0
2916 3216
0 0
3112 2387
4382 1684
8284 915
0 0
4998 0
2964 1388
8527 9791
325 4022
1210 0
8582 7828
8956 0
5429 0
172 5946
6972 0
8657 6047
2802 0
4961 0
0 0
3151 0
0 0
6859 662
0 0
5092 0
2748 374
1807 0
0 0
6205 0
8216 0
8492 0
0 0
7599 0
6764 0
0 0
0 0
4822 9705
0 0
8940 0
9929 0
5957 0
467 8244
3910 0
8041 7748
9983 7266
5688 0
7678 0
5229 0
1175 2931
0 0
0 0
8839 1426
0 0
4903 2782
8779 608
2043 0
4271 6752
0 0
0 0
6798 4810
158 6262
5312 0
4936 1719
0 0
4249 4455
0 0
4252 0
0 0
7807 8345
17 2670
8119 5425
0 0
0 0
5584 0
0 0
9077 8714
5708 7340
0 0
0 0
0 0
4489 0
1247 3795
4180 1382
0 0
5297 0
2032 3970
9047 0
5845 0
0 0
0 0
0 0
1371 0
0 0
5460 3255
0 0
0 0
3725 0
0 0
0 0
6293 1035
1010 0
7297 0
0 0
312 0
1700 0
353 1320
0 0
1208 6802
0 0
0 0
2564 9790
2982 0
0 0
130 7306
2928 0
0 0
8926 0
0 0
2498 0
4257 0
0 0
4767 0
9780 3244
7086 6153
0 0
8010 0
8185 6799
5989 0
0 0
0 0
840 0
4696 7683
8116 8685
0 0
9128 0
0 0
6587 1924
0 0
5820 3054
2139 0
2918 6924
7528 4811
3762 0
0 0
0 0
0 0
0 0
4360 0
0 0
5787 0
779 4204
4391 0
8331 0
2008 484
6015 8008
0 0
0 0
0 0
0 0
0 0
0 0
6482 0
0 0
7802 6357
2769 0
2049 1974
6246 5766
7991 2052
4953 6008
0 0
7149 7102
9432 0
4744 0
8241 3944
0 0
0 0
9308 0
3465 9412
0 0
5607 5142
262 1961
4152 1279
8853 427
732 0
0 0
1112 0
5986 0
2436 0
3913 1934
371 0
0 0
783 0
702 3017
5652 0
0 0
9812 8179
8266 0
0 0
1141 0
7386 8088
5213 0
3066 4661
6200 0
2162 0
9891 0
7687 0
0 0
814 0
8435 0
4839 2232
2764 4524
0 0
2714 3371
7759 7824
2534 1857
1617 3286
5918 0
1616 1356
5786 2519
2317 6655
5706 8139
0 0
2735 7536
0 0
8870 0
8066 1086
2855 7521
0 0
6665 4899
437 0
5750 0
2181 836
0 0
5506 0
3718 7882
9450 0
0 0
0 0
2423 1851
0 0
4802 0
6744 0
0 0
3184 0
0 0
1223 0
5574 574
5070 1664
1978 3672
7162 3295
0 0
989 0
0 0
7191 7770
0 0
5808 5158
7220 0
3578 863
4347 5860
0 0
2903 1766
3679 0
3455 0
6622 0
3182 0
4232 3336
0 0
0 0
1446 0
6490 0
7654 9248
0 0
2501 9716
8934 0
844 8630
0 0
6555 0
9036 6883
0 0
0 0
7531 0
6102 1628
0 0
9921 0
0 0
0 0
0 0
391 0
8607 8711
0 0
9351 0
0 0
6829 0
0 0
0 0
3959 0
0 0
398 0
7020 2644
0 0
2398 1568
0 0
7780 9522
2572 0
8975 6730
0 0
6356 558
0 0
3737 1145
4448 0
5890 1668
8841 6340
0 0
9097 0
7597 8772
4844 0
0 0
0 0
0 0
0 0
5301 0
6017 6152
0 0
6078 0
4900 0
1513 5747
1015 2040
9799 4256
0 0
5969 4582
4433 0
0 0
4039 9518
3385 5724
3443 0
5641 1833
0 0
0 0
656 0
5842 0
3542 0
0 0
2385 1722
5277 0
9134 0
0 0
9242 6846
2178 2983
5628 7000
5108 1253
0 0
6945 8301
4511 0
8668 0
8404 0
7302 0
0 0
753 4275
0 0
5830 3180
1741 0
0 0
3628 0
6697 9008
0 0
6406 0
0 0
3340 2203
7795 850
2230 1190
0 0
1798 7087
6394 3488
2955 0
0 0
1744 0
9552 7486
0 0
0 0
983 9198
9802 5035
272 0
0 0
8709 9282
1871 0
0 0
6276 0
3508 0
2140 0
6843 541
0 0
5286 8208
0 0
6087 882
5178 2567
0 0
6503 9225
7935 0
0 0
189 0
0 0
0 0
1497 0
5648 2022
904 0
0 0
0 0
0 0
1179 5137
0 0
7722 4679
2422 7614
8203 0
0 0
2924 0
8803 5030
2242 4856
0 0
6537 0
9679 7027
5356 5686
0 0
0 0
0 0
5623 0
6253 0
3960 879
7036 1096
5898 0
2037 8627
0 0
6447 937
3854 6493
7919 706
7871 3882
5557 7543
1363 2485
3609 0
0 0
6342 0
6891 0
155 6878
0 0
2128 3941
0 0
0 0
3743 0
7435 9794
7669 0
6085 9644
4956 0
0 0
4820 1219
2078 0
9731 0
959 0
5340 0
9322 0
8456 6853
431 0
0 0
0 0
2407 2590
0 0
1878 0
0 0
0 0
0 0
5197 7565
6635 0
734 0
9422 7043
5219 0
533 285
6186 4468
6501 0
4247 0
7152 0
0 0
9930 8628
3821 8262
4363 4492
4230 0
200 6703
3031 1100
0 0
0 0
6245 0
1370 8550
0 0
6834 0
0 0
6099 9340
364 0
811 0
0 0
1173 4921
4422 5576
2428 9235
7652 3554
2042 7843
6729 0
0 0
687 0
0 0
9615 1552
0 0
0 0
0 0
3712 1721
4302 8761
5838 2941
8000 0
1680 4338
6673 0
6838 4388
9116 0
5055 0
0 0
923 193
4709 0
0 0
8654 0
2443 0
2490 2137
0 0
7883 4932
5226 2718
4220 9841
7658 6704
7913 4319
9123 5347
0 0
0 0
6130 0
0 0
7135 635
9177 0
3841 7645
6809 8156
0 0
4534 0
9531 0
6623 3203
0 0
3736 9171
1274 7752
2970 6397
0 0
1432 0
664 8299
250 0
0 0
1017 6963
1836 4120
1483 0
0 0
9630 0
1659 7174
6494 9443
0 0
0 0
9646 1174
0 0
961 0
9634 0
7348 0
0 0
6242 6738
1727 0
9335 0
0 0
5018 4203
857 2872
9074 0
0 0
9361 0
8394 0
0 0
0 0
1495 87
5063 9338
26 8388
6321 8369
8725 47
0 0
7073 0
0 0
2365 7659
8983 6986
0 0
3032 7555
2212 3521
5021 0
5817 0
0 0
0 0
6355 2574
8078 0
2560 0
858 0
0 0
3308 1297
4831 0
2278 205
0 0
8903 0
0 0
0 0
7424 0
0 0
4305 0
0 0
9377 2418
9796 0
9822 0
9496 0
0 0
7248 6142
8026 8202
0 0
1220 3792
6378 0
7058 2400
0 0
4321 0
6479 0
9126 876
3447 2792
4525 6600
0 0
0 0
6428 0
8250 0
1261 0
8354 0
0 0
0 0
4134 0
8548 0
0 0
3979 1986
0 0
0 0
9292 0
6325 7206
0 0
4777 3980
5384 3534
9827 0
6650 7758
6789 0
3134 9185
684 4746
0 0
0 0
4990 7836
2597 0
7781 4874
0 0
3713 4562
7 0
0 0
22 2339
0 0
6636 0
542 6800
9682 0
5967 0
6046 83
3232 0
0 0
7830 4895
4985 2094
1825 0
1228 0
7619 1764
3217 0
8366 5257
4737 2033
5765 7069
0 0
7172 0
8067 7768
3962 0
7838 0
0 0
9327 6840
0 0
1533 6271
538 1724
9922 689
0 0
8942 0
1794 0
7109 0
7296 0
3205 0
0 0
9721 0
9855 8764
0 0
7474 3069
8183 0
6765 8336
8852 5143
7596 0
3650 0
1704 8916
6565 4747
3185 0
0 0
472 6086
0 0
9313 2600
5025 3546
8613 9275
0 0
2467 0
0 0
0 0
7410 0
7338 8151
0 0
0 0
8192 0
2862 8222
4609 2554
8705 6909
4799 0
8419 8400
2096 0
0 0
0 0
5760 248
2492 0
6327 0
157 0
3229 2829
3911 8816
317 0
5466 4970
2446 0
0 0
0 0
6041 0
9826 0
0 0
1885 7163
8304 0
433 2671
0 0
971 2838
0 0
0 0
4250 4992
0 0
1178 0
0 0
0 0
8889 2046
7207 5687
7827 0
3753 8792
0 0
218 0
9200 0
4529 1052
9040 0
4300 1970
0 0
0 0
6294 0
1211 1689
2719 3087
6056 7238
3829 0
7309 0
1187 0
5953 7250
0 0
0 0
0 0
8268 8144
104 0
0 0
6931 8644
0 0
3065 2991
2659 5775
8817 5354
4122 7100
3877 8676
0 0
3118 0
432 0
2304 0
9398 3998
8514 1630
793 9507
0 0
5195 0
4665 3181
3434 0
9360 2751
6695 7307
1785 7622
2710 4244
0 0
5118 7318
0 0
1678 0
0 0
2254 3859
3748 2614
5639 0
0 0
5864 0
0 0
4415 2839
8385 0
2817 3001
0 0
1645 0
0 0
0 0
0 0
1128 0
4503 784
0 0
2592 0
0 0
0 0
0 0
255 0
7443 1629
5148 348
0 0
4116 566
5483 5020
1523 0
3750 7576
4123 5929
0 0
0 0
0 0
0 0
0 0
0 0
9234 9860
0 0
0 0
6045 0
5570 8996
0 0
8896 1057
0 0
0 0
1147 4482
2390 0
4358 8969
0 0
6807 9925
0 0
0 0
1290 0
4966 4008
3996 6265
1354 0
0 0
8742 7869
7498 0
260 8574
833 0
4417 1907
0 0
0 0
8868 1214
8704 5115
9444 1469
0 0
0 0
0 0
5978 0
5217 5069
0 0
465 0
929 7549
0 0
0 0
3245 1524
0 0
90 0
0 0
5587 0
2062 7800
0 0
0 0
5585 968
5810 0
5410 0
3519 8338
4346 9337
7116 0
936 458
0 0
7308 0
859 2864
0 0
0 0
0 0
1114 4960
0 0
1391 0
2707 0
2012 0
3633 7553
838 0
2367 0
628 2897
6615 0
8507 8460
2604 4234
0 0
9711 8213
7799 0
3515 0
7251 0
619 0
8495 0
0 0
2740 0
0 0
1266 0
8137 1547
8447 0
5058 6806
4851 3904
6173 1417
8992 4097
6994 0
0 0
6873 5002
4409 2825
4698 0
0 0
0 0
0 0
0 0
3634 0
2410 0
0 0
0 0
6492 0
3954 3355
0 0
561 3703
9453 0
5036 0
8148 6077
2867 0
0 0
6990 0
4944 6755
6336 6525
105 0
4566 0
6544 0
2006 1643
9829 1848
0 0
0 0
8091 8300
6371 4505
1278 0
5236 7949
4533 0
995 0
0 0
0 0
0 0
0 0
0 0
5447 0
0 0
1588 3115
2799 8895
0 0
5972 0
8515 7960
6919 9643
2841 0
3815 0
0 0
1016 3158
640 0
9981 1832
2797 8799
0 0
4563 0
0 0
5198 0
4437 0
0 0
80 0
976 3296
7016 5993
2704 3014
0 0
0 0
0 0
5954 0
803 0
2724 5913
4178 0
196 0
0 0
2768 1748
3923 3505
2716 1813
0 0
0 0
0 0
99 0
1805 0
6079 1791
0 0
0 0
397 0
3853 0
4183 7439
0 0
0 0
1699 8313
221 2058
4697 0
0 0
9269 0
9285 0
7462 6979
0 0
0 0
1638 0
4730 7889
0 0
0 0
0 0
6114 7655
9031 1869
0 0
6424 4772
1797 0
1801 4871
4995 2473
7515 0
5904 4695
0 0
6481 0
718 0
0 0
8807 9389
2274 0
0 0
5762 9989
0 0
810 9515
180 0
0 0
0 0
6254 1600
0 0
1438 0
0 0
1707 0
1763 1501
0 0
0 0
1209 0
3130 0
0 0
0 0
0 0
0 0
4507 0
8003 0
0 0
510 5815
5633 3875
1282 6361
0 0
0 0
985 5908
3626 0
1467 0
1338 6649
0 0
1380 4979
0 0
2080 9342
5084 2268
0 0
2775 0
5782 4973
8484 0
9581 9906
9184 2664
5720 0
7132 4373
4265 4685
0 0
0 0
9994 7392
2581 3266
5643 0
2182 573
5306 0
0 0
3776 0
7484 6733
6199 0
1690 0
0 0
0 0
0 0
0 0
820 0
7906 0
6212 2852
2360 4483
0 0
0 0
7390 0
0 0
4968 4174
5768 1276
6330 6507
4686 0
9381 6896
9459 2093
0 0
5735 3049
0 0
8056 9655
5536 1103
0 0
0 0
0 0
0 0
5363 6874
6383 2235
540 4198
4219 8065
6461 0
8682 0
0 0
4911 2640
0 0
0 0
0 0
659 0
6705 5359
5699 3078
2405 1056
7041 2882
4601 517
737 0
0 0
0 0
0 0
0 0
0 0
9179 187
1496 0
3942 8791
3771 0
7265 800
0 0
7216 4997
7422 0
6011 0
4795 3207
8344 0
4848 0
0 0
7653 0
8096 7896
5444 0
0 0
9396 4292
6275 2157
0 0
4567 0
3037 3305
9697 0
9837 733
0 0
3888 0
9996 0
5883 6856
0 0
0 0
8688 0
9956 2372
2658 6950
4137 4103
5795 6391
5194 4053
6556 4212
1757 1481
8479 0
6198 0
0 0
8946 0
8594 6648
0 0
0 0
6699 0
5759 3851
551 5117
4765 532
6504 9506
0 0
0 0
3661 4369
9221 0
5738 8314
6445 1702
5673 5523
5876 1562
7977 0
9035 0
9614 1451
577 0
0 0
9321 0
9828 0
0 0
0 0
0 0
0 0
2108 0
3994 0
0 0
4453 7959
6480 3082
7264 6644
0 0
6658 0
9534 0
0 0
5874 0
8608 0
1492 2803
6956 0
3619 0
7778 9364
0 0
0 0
8086 0
0 0
0 0
0 0
2431 56
1863 0
0 0
761 9067
7746 2989
4568 5041
0 0
7574 0
0 0
0 0
9808 0
3752 0
0 0
8727 3083
7261 0
0 0
2552 6032
2225 6082
0 0
5927 0
18 0
0 0
9290 7285
8368 1378
0 0
0 0
8238 5885
0 0
5930 0
357 6533
4192 0
24 3472
8648 0
4912 0
5654 0
8311 5409
5542 0
2409 5703
2190 1648
0 0
0 0
1789 0
6467 0
0 0
8745 1073
7145 0
0 0
0 0
3557 0
7451 8528
0 0
8680 1054
0 0
0 0
7698 8001
0 0
0 0
7364 0
0 0
2854 6247
6847 0
952 0
5751 0
1544 0
0 0
9125 0
3914 1760
6514 0
5788 0
0 0
9339 3589
6240 0
0 0
2849 0
2619 3500
0 0
2153 0
0 0
4166 5941
0 0
0 0
3175 0
0 0
0 0
0 0
1595 2684
0 0
3723 9388
6726 0
1611 5552
1272 0
0 0
8641 7725
0 0
6177 0
2737 0
2218 0
0 0
0 0
4032 5502
8115 0
0 0
0 0
1767 0
0 0
8773 9086
0 0
1917 0
5440 0
2969 7378
1436 0
0 0
0 0
131 3425
2491 3635
5365 5335
7479 243
6668 0
4258 4703
2047 4773
330 0
0 0
5322 0
9998 6727
4571 9901
0 0
4311 0
2822 0
2464 4093
4817 0
1322 0
1294 0
4717 0
6322 4518
4758 0
9231 0
0 0
0 0
0 0
419 0
0 0
9857 0
0 0
4939 815
0 0
1637 0
0 0
0 0
6872 9732
88 0
0 0
0 0
0 0
0 0
1549 2878
8273 1077
0 0
4933 1870
6513 0
0 0
8198 0
2968 1981
0 0
0 0
0 0
9346 4157
7222 0
0 0
7629 0
0 0
3470 6666
7024 8832
201 0
1028 6863
0 0
9463 0
1667 0
0 0
0 0
0 0
7456 9975
6350 0
9249 8696
9093 692
5459 2277
4339 0
0 0
373 1553
0 0
9672 7829
3348 5008
9455 1802
6567 2168
4451 7931
1666 6301
0 0
0 0
7304 1115
0 0
424 6409
939 9967
8863 9431
7268 0
0 0
0 0
3478 2961
2913 8050
0 0
4285 7902
0 0
0 0
9267 8887
0 0
0 0
5424 4637
3256 0
0 0
0 0
0 0
1821 806
0 0
0 0
0 0
4897 3220
8904 2266
7187 2745
4002 2118
3464 0
5937 0
5152 0
7354 0
0 0
8013 6231
0 0
0 0
0 0
0 0
7958 0
0 0
8339 0
5260 0
2894 0
3709 0
5503 0
0 0
0 0
0 0
9007 0
3502 0
0 0
0 0
0 0
7150 856
6662 0
7463 3337
7415 5911
2331 411
0 0
0 0
0 0
6446 4580
5772 5801
1376 0
0 0
0 0
6572 0
8882 0
0 0
0 0
8457 0
8856 0
0 0
8481 0
0 0
5434 3346
0 0
0 0
6283 1260
0 0
2934 1626
9268 8129
9748 7509
8784 0
3533 0
340 0
9158 0
1400 0
3622 4362
0 0
2260 0
0 0
0 0
7621 7623
9667 5210
2599 0
1571 0
4751 7742
7287 8491
0 0
9044 8767
4196 0
8384 9817
8465 7398
5564 0
0 0
0 0
4878 6959
4824 4784
160 7327
0 0
8892 2081
9404 0
1612 0
8415 0
0 0
0 0
0 0
0 0
0 0
6938 3934
4621 0
1989 0
0 0
0 0
7405 7656
7517 0
0 0
7765 1144
3068 0
0 0
2952 0
0 0
6625 8698
9972 4121
7865 0
5276 2067
6053 9296
5906 9628
5001 9813
9241 0
1298 150
6518 0
3058 0
0 0
7289 0
2161 1685
0 0
0 0
0 0
6741 0
4958 0
0 0
0 0
6004 0
3442 9118
4383 0
0 0
0 0
903 9161
4638 2672
6425 0
0 0
5746 8303
6865 4115
1665 5999
439 0
0 0
3004 1441
9135 0
5443 3761
0 0
9154 6701
8752 0
8261 8163
1362 6913
0 0
2034 2087
0 0
0 0
8821 0
0 0
2629 0
3263 4329
3491 0
3456 6315
9726 0
0 0
0 0
4574 5430
7283 0
9142 7070
2142 0
0 0
7607 0
0 0
0 0
6641 9984
6597 0
0 0
0 0
8283 6298
0 0
679 0
0 0
0 0
0 0
0 0
9563 0
0 0
0 0
0 0
0 0
0 0
744 6571
9809 4162
5608 0
9251 0
0 0
0 0
0 0
9258 9951
7875 9715
1656 7900
9103 0
0 0
4020 191
1368 0
0 0
5208 0
4429 3667
1590 9030
0 0
4889 0
8143 1599
0 0
2986 0
8022 9600
5501 0
1064 5414
2810 0
0 0
0 0
1954 8474
8539 4138
606 5129
4923 4476
0 0
0 0
699 3349
0 0
2648 1847
1326 4832
8103 4527
7158 6690
0 0
177 8486
0 0
0 0
7403 8164
0 0
4106 0
0 0
8443 4278
1085 2174
0 0
4101 8660
2772 8998
0 0
5047 0
0 0
9815 8275
6191 2327
0 0
0 0
0 0
6165 4031
4920 7335
962 0
0 0
2563 0
4330 1749
0 0
1642 3918
8229 6286
0 0
0 0
8097 0
6370 0
598 3136
2911 8293
2285 8498
528 4733
1995 7945
6339 0
1102 0
2122 3879
8920 0
3796 0
2475 0
0 0
0 0
3128 1592
6209 0
7195 0
0 0
8974 0
2824 7720
683 0
0 0
4408 0
0 0
0 0
3124 6084
0 0
6468 2111
4307 0
375 0
0 0
4561 4126
0 0
4079 351
6439 0
0 0
0 0
6452 0
0 0
0 0
2571 848
8874 2064
3074 1245
5888 344
0 0
0 0
0 0
7968 8864
459 0
1575 7417
0 0
0 0
7329 9324
0 0
3768 9400
8927 549
7101 0
0 0
0 0
9935 0
0 0
7064 0
6585 9547
1881 0
1803 4436
8406 0
0 0
4 6778
9359 16
0 0
476 9476
2992 9492
0 0
0 0
5531 2461
0 0
0 0
1906 2377
4181 0
0 0
8812 3745
7167 3298
9341 4999
2558 0
0 0
0 0
7256 0
9617 2136
9964 3233
2415 1058
9824 0
0 0
0 0
8732 9473
0 0
0 0
4452 0
0 0
0 0
1251 9543
4640 8099
3988 0
0 0
234 0
0 0
0 0
0 0
9800 0
9635 0
7358 0
0 0
5559 1843
0 0
3107 7472
0 0
1609 0
0 0
2273 0
9584 0
5224 0
3475 2286
1076 7393
0 0
0 0
8428 0
3716 0
3302 7281
7129 5228
6351 0
0 0
4513 0
979 0
678 0
0 0
8195 0
1021 0
0 0
0 0
8858 3299
0 0
3630 3002
3872 1888
8532 0
0 0
0 0
55 0
0 0
0 0
0 0
2309 0
6907 0
0 0
9026 3292
0 0
7674 5496
151 0
0 0
1551 8806
9309 7808
0 0
4266 7694
0 0
0 0
0 0
8093 0
0 0
2861 0
0 0
34 6476
0 0
0 0
9042 9352
3530 0
6025 9736
1477 211
0 0
5497 4085
1957 1124
1004 869
8516 0
0 0
0 0
0 0
0 0
0 0
0 0
0 0
0 0
1060 0
0 0
1634 8694
4726 7088
0 0
8849 9328
0 0
7692 7037
991 0
0 0
0 0
288 1557
0 0
2892 0
0 0
9384 9948
0 0
618 63
6396 0
3282 0
6456 8256
0 0
9735 0
8570 0
6260 6982
0 0
0 0
8604 2923
0 0
5076 0
0 0
9629 7852
9760 9088
0 0
0 0
0 0
0 0
5600 9706
8735 2391
727 0
0 0
5163 655
0 0
8089 7544
4898 762
4006 0
0 0
0 0
0 0
9286 7114
0 0
0 0
0 0
342 650
5778 0
457 7976
0 0
7002 0
1884 529
0 0
4223 1889
0 0
4724 7029
2402 7197
6941 6542
0 0
181 0
2378 0
0 0
0 0
0 0
4801 0
896 0
9923 0
3985 3907
1473 709
2447 0
4806 8012
6714 7270
0 0
2364 0
2488 0
7075 0
2609 0
8875 0
9696 0
8673 109
0 0
7133 9107
0 0
0 0
3643 0
0 0
0 0
846 261
0 0
0 0
0 0
0 0
9627 0
0 0
421 3330
0 0
0 0
0 0
9487 0
0 0
0 0
5516 7777
9899 0
3393 2307
887 6682
502 0
8289 3837
0 0
0 0
593 122
4424 0
2549 8459
4068 6653
5836 5693
0 0
6660 0
6241 0
3860 2698
0 0
4384 0
50 0
3436 0
0 0
0 0
0 0
203 6676
195 0
0 0
7299 2988
4480 1361
0 0
188 0
2065 6471
2757 7313
9156 6013
7332 3993
1334 0
3891 0
321 0
3966 0
0 0
0 0
6795 9561
5126 9917
8835 4619
0 0
0 0
0 0
8766 8496
0 0
0 0
3813 3283
6590 1926
0 0
0 0
4613 0
9046 1172
9212 3154
0 0
0 0
0 0
1998 4351
8342 0
0 0
0 0
0 0
9437 0
6252 2239
4859 0
2471 2791
7519 5923
0 0
645 9777
0 0
0 0
6097 0
6203 0
152 7503
415 0
0 0
3047 3171
448 0
7738 0
4221 1728
0 0
0 0
3607 0
9246 0
0 0
5369 0
0 0
0 0
1030 1993
9867 6709
778 6720
2030 0
1828 6962
2397 0
5381 0
9358 3520
7204 3751
8730 0
612 0
0 0
5647 3976
993 1762
2695 3871
2382 0
0 0
7441 0
6105 0
124 2112
0 0
3368 9390
9660 0
0 0
2348 0
9575 1117
2513 0
4478 3665
3195 9323
9677 2303
7119 0
480 1858
0 0
9749 0
0 0
0 0
524 0
9942 8329
7545 1931
3321 0
5240 0
9240 5891
7230 0
0 0
0 0
8408 7372
412 3691
0 0
4604 708
0 0
1910 0
0 0
3135 0
1136 5779
0 0
7039 721
0 0
0 0
8259 0
5959 0
1083 0
5599 402
0 0
7964 1788
5106 0
0 0
7560 1231
0 0
5016 5077
2337 1140
4289 7384
1696 2674
4592 9620
4554 1406
9445 0
5649 0
4017 0
3651 9092
0 0
0 0
0 0
557 9895
4705 897
5484 0
8586 508
0 0
6819 0
0 0
7965 0
8036 9846
6902 0
0 0
0 0
0 0
0 0
7633 9952
0 0
0 0
6589 4545
0 0
235 2262
3267 7872
0 0
0 0
4910 0
0 0
5910 0
6021 0
0 0
7704 7846
9124 0
0 0
0 0
6414 0
0 0
0 0
0 0
0 0
1047 0
842 0
1440 9587
0 0
9139 0
0 0
7009 0
0 0
0 0
5656 0
5694 5743
0 0
8307 0
9405 4007
3270 7319
7791 0
8475 9625
0 0
0 0
0 0
9485 2507
0 0
5561 0
3144 3430
9529 0
0 0
3977 9028
3077 0
0 0
0 0
45 3432
483 0
0 0
3090 1539
6347 0
0 0
0 0
0 0
0 0
4946 8572
0 0
7706 0
9916 6484
4014 9032
0 0
0 0
3614 1945
3339 4474
5188 4498
6519 9904
5361 9109
208 3543
2914 0
3396 5670
0 0
4636 0
0 0
0 0
6599 7942
0 0
0 0
7918 5325
0 0
7071 0
3940 5165
0 0
3600 8191
0 0
0 0
7353 8135
8558 0
0 0
6232 5399
0 0
7946 9417
0 0
0 0
7288 0
6117 0
6421 4680
0 0
0 0
0 0
0 0
0 0
6845 0
1862 9434
0 0
7681 0
3700 0
0 0
1977 0
1411 0
8142 0
2204 5149
8146 0
5873 8172
0 0
0 0
9144 5997
4742 8588
1694 0
7446 0
6166 311
7164 2185
0 0
0 0
232 0
0 0
0 0
0 0
0 0
0 0
5689 0
4385 0
0 0
0 0
7868 9795
0 0
4840 0
6314 0
0 0
0 0
6576 8692
0 0
3398 8687
3053 0
6988 2919
5925 0
2359 633
0 0
0 0
8353 0
1773 0
0 0
3999 0
1511 0
925 0
5491 1510
2819 0
7295 82
7630 0
5396 8512
7485 2625
0 0
3885 6353
4294 5926
0 0
9756 1602
0 0
1051 0
9525 479
8554 0
1739 0
7867 1448
6072 6148
0 0
4046 4228
7761 0
9436 1002
254 2857
0 0
4940 0
0 0
0 0
5861 101
8633 3278
0 0
9555 5176
0 0
7448 1815
2332 6725
5868 0
9750 3802
4855 0
5395 8865
0 0
381 0
0 0
5479 0
9945 723
0 0
4380 5072
4027 3749
5362 9658
2591 0
0 0
3410 0
9960 7356
5863 4034
3379 0
0 0
4762 0
33 0
6967 0
5723 0
0 0
2977 0
4813 0
2921 0
0 0
7620 0
0 0
4276 0
108 3033
514 8936
4843 852
7743 7449
9698 0
0 0
0 0
5985 6268
0 0
5508 7339
1754 8678
5128 1358
0 0
0 0
5822 0
0 0
5391 0
8844 5965
0 0
407 1062
0 0
0 0
1318 0
3855 7967
0 0
0 0
1636 6534
7154 0
8968 1597
8125 0
1776 4456
0 0
0 0
8537 0
4916 5042
8372 441
0 0
4512 8286
1182 0
7426 72
0 0
0 0
0 0
9288 0
0 0
2515 0
1874 3707
2947 0
4738 8207
0 0
0 0
7269 6061
5792 0
9838 0
0 0
0 0
0 0
2283 0
0 0
5433 0
4611 9355
6887 0
0 0
0 0
5990 6491
8929 0
651 6367
5731 4229
8405 0
1673 7293
9104 0
8461 4967
7175 0
5059 5040
0 0
2075 6338
0 0
7585 9159
1845 3720
801 0
0 0
4175 4540
8004 0
604 0
3901 8150
3469 0
0 0
8080 6916
4251 5254
464 2452
7257 6037
8205 64
4573 9657
0 0
0 0
0 0
4237 0
9597 0
534 0
1621 5619
0 0
8795 0
0 0
0 0
686 0
3327 0
2881 4982
5621 3522
6832 0
0 0
7252 2133
1424 0
7345 521
0 0
8990 3766
3581 0
0 0
1522 0
179 0
3790 0
9365 5604
7547 4047
5337 3819
1151 35
6904 0
1679 0
2148 602
9758 2541
8746 6929
9654 0
0 0
0 0
0 0
7442 0
2061 2176
2778 5339
0 0
0 0
736 0
3939 0
0 0
9885 0
0 0
0 0
5462 0
0 0
5963 0
6160 0
0 0
0 0
3710 6739
7001 1681
4576 4588
0 0
2186 1462
7473 4334
5330 6349
0 0
9973 0
3945 5660
6068 0
5569 0
0 0
3391 8251
3105 5839
4584 0
2742 2177
198 0
8762 4439
5835 0
3689 1246
1662 9102
3194 3563
8750 742
6464 0
0 0
0 0
0 0
7103 0
3102 206
0 0
0 0
1443 0
0 0
2627 5060
1427 2660
5850 69
4774 0
0 0
7477 0
6998 1130
0 0
4975 2180
7412 2691
7455 5878
5848 0
7577 7458
2939 5679
5634 5578
6687 0
0 0
386 0
4701 7062
0 0
1377 0
743 0
8518 0
8517 0
1737 8362
0 0
6030 5716
0 0
0 0
2842 9745
0 0
0 0
0 0
7404 1800
4682 9991
1218 6664
8123 8105
8418 1932
1239 0
3702 0
4977 7051
0 0
0 0
3005 4603
2601 7686
8620 9483
12 0
3297 0
129 0
1660 667
0 0
0 0
0 0
8774 0
2690 0
0 0
3140 8120
6168 6354
5565 8174
0 0
8083 0
0 0
0 0
0 0
7887 0
2579 0
0 0
7239 0
5958 0
134 0
3880 0
1063 0
4245 4607
729 0
8634 0
6469 4155
0 0
0 0
8330 8842
1069 0
9071 5728
622 3881
0 0
0 0
4600 0
4495 1779
4635 9782
1868 1201
1369 3239
9564 0
7539 6517
6163 0
0 0
9395 6871
772 4873
0 0
0 0
0 0
2589 1157
0 0
3870 0
2651 0
7754 8879
3359 0
8808 0
5493 0
9096 5729
0 0
2421 8392
0 0
3647 0
0 0
5292 0
0 0
9754 366
0 0
626 9905
0 0
4925 4594
3038 7893
0 0
7465 4677
0 0
4786 0
4516 7110
5203 0
8850 0
4112 9143
0 0
3827 5631
0 0
0 0
0 0
7141 0
0 0
0 0
7032 0
4128 6444
0 0
2302 3928
6997 0
0 0
9299 0
9789 6645
3992 2341
8234 0
2546 8848
73 0
1029 8168
1603 6422
4060 0
0 0
0 0
5268 6239
5328 6683
0 0
0 0
1305 0
0 0
0 0
5798 0
0 0
5593 0
8488 3747
8561 5416
0 0
0 0
8424 2954
8153 0
825 1879
8718 4838
6609 258
0 0
0 0
0 0
0 0
2763 0
3039 0
0 0
0 0
6419 0
8897 0
0 0
3265 0
2018 0
2556 0
9544 3565
0 0
9863 0
0 0
0 0
0 0
6000 0
0 0
0 0
223 0
0 0
996 0
0 0
6538 0
0 0
369 6598
0 0
0 0
0 0
5300 1038
0 0
9590 0
2328 2101
0 0
0 0
0 0
0 0
2518 8376
9207 6868
943 0
0 0
0 0
7492 0
3759 0
6971 4418
0 0
1359 6095
1814 0
3196 0
5667 5545
0 0
3011 0
0 0
8545 0
0 0
0 0
0 0
0 0
4692 5120
4520 8070
97 0
7076 426
9054 1573
3284 5427
7033 1761
0 0
0 0
605 1601
1243 0
0 0
1199 9021
0 0
0 0
5345 4770
1221 9633
0 0
9195 1001
6768 9574
4514 0
0 0
3947 0
0 0
3027 8590
1007 750
2199 0
1999 3605
3950 0
1340 6188
0 0
0 0
7057 0
7028 0
1894 0
0 0
0 0
0 0
5834 0
8305 6393
0 0
7190 5644
7160 0
5305 7123
0 0
0 0
1576 2487
0 0
0 0
7054 8552
0 0
0 0
0 0
6773 0
4494 4776
3857 5617
0 0
9621 6483
4306 0
5315 461
0 0
4672 0
0 0
0 0
4796 0
6692 2516
9997 941
4088 0
9181 1449
5857 0
0 0
0 0
3648 3454
8327 3757
0 0
3606 6604
8371 1558
5130 3485
440 0
9215 0
2613 482
0 0
7535 6987
0 0
2295 0
6389 0
6488 2002
2376 8738
0 0
6164 2942
0 0
8623 2543
0 0
6618 0
7643 7090
4887 0
405 2847
0 0
0 0
0 0
2932 1385
2315 0
2709 0
0 0
0 0
176 0
0 0
0 0
547 9874
3905 61
6049 0
0 0
0 0
2165 3201
3793 0
8689 7351
5218 6213
6975 4833
0 0
0 0
2430 9708
7660 0
0 0
8221 5065
5012 1778
0 0
5811 8218
5833 7151
9265 8357
7587 0
4005 4789
0 0
9058 5769
2236 6124
0 0
7866 0
7512 3550
0 0
3973 0
5358 6850
0 0
0 0
4117 0
0 0
2356 0
473 4264
0 0
0 0
0 0
0 0
0 0
0 0
0 0
0 0
111 8584
2949 8560
6754 388
0 0
9844 6018
0 0
6879 6781
4688 9938
8417 0
9005 4583
0 0
5558 7552
7522 0
2124 6333
0 0
9115 0
1323 1782
4200 0
647 1697
6404 0
2771 0
6035 5995
5752 0
0 0
0 0
642 4908
0 0
0 0
1188 0
7924 4083
5448 7751
1019 0
9263 2146
0 0
0 0
5151 0
2287 9300
5614 0
0 0
4847 5636
2386 8321
1255 8854
0 0
9014 6757
9781 1224
0 0
9034 1527
8782 0
2575 0
5244 648
0 0
2535 14
0 0
0 0
9284 0
599 0
0 0
0 0
5403 7939
0 0
0 0
6312 8277
8547 0
0 0
3363 4226
9467 8878
0 0
954 113
0 0
0 0
0 0
760 0
0 0
5945 2902
0 0
5474 0
5722 6852
9354 2832
8629 4222
7609 0
0 0
0 0
3660 0
917 0
1827 0
0 0
0 0
1222 0
7376 5710
5899 0
5901 6581
7326 0
0 0
5951 9510
6608 0
0 0
8391 0
3120 2615
5725 1257
864 0
7427 0
5666 665
1389 0
1088 2893
2248 0
0 0
7769 0
0 0
7005 0
7735 0
906 0
0 0
0 0
0 0
2249 8665
9201 0
0 0
1530 3093
8317 8446
8274 7482
0 0
1933 0
2767 0
0 0
8944 0
171 207
0 0
0 0
382 0
4949 0
2480 0
7184 0
5915 0
4426 0
0 0
6991 9151
3231 2870
997 0
2851 0
527 2980
9223 0
0 0
8074 1180
1270 998
3833 5988
0 0
110 0
4687 9392
4783 0
0 0
2995 3059
2026 9331
3518 2504
5577 0
0 0
2848 982
0 0
0 0
0 0
51 0
1838 0
6543 0
0 0
4500 2971
0 0
2758 0
0 0
0 0
0 0
0 0
1176 6236
0 0
5514 0
9709 0
0 0
1384 7637
1292 7908
0 0
3722 0
7182 9082
1183 9017
0 0
7930 0
126 7156
297 3527
3839 0
3138 0
8450 0
2401 0
2215 3108
8739 1226
6075 7052
6734 6640
2805 5477
8859 9888
6535 2732
5138 9386
0 0
4055 0
0 0
8397 5336
8054 0
6935 0
5318 3458
0 0
0 0
0 0
1908 7153
5376 0
0 0
0 0
9641 0
3364 0
0 0
2705 0
6937 9918
0 0
0 0
140 0
8915 0
4842 0
9853 1515
9029 4298
0 0
6110 7736
0 0
6999 2227
3524 5134
9011 0
8755 0
318 0
2904 8258
0 0
0 0
719 0
7844 2793
1755 4394
0 0
57 0
2434 7647
579 0
168 1196
2013 5721
0 0
6746 5453
9182 0
0 0
2021 0
4398 5711
3797 0
1486 0
5073 0
0 0
3758 0
7171 0
0 0
6279 2818
7431 6835
0 0
0 0
0 0
2993 7559
8810 0
0 0
7140 0
1133 9264
6318 2324
0 0
0 0
5010 8141
0 0
4962 0
2163 9868
6558 0
2537 0
5625 0
7298 0
0 0
9224 3409
0 0
5407 1121
238 2653
0 0
0 0
1095 0
7731 0
5895 277
8117 0
336 0
0 0
790 9805
3987 4277
9520 6451
2777 5950
0 0
714 0
0 0
0 0
0 0
7812 9743
0 0
4153 347
3786 0
7491 2450
6888 4938
202 2831
6088 0
0 0
1971 8565
8166 0
2657 4208
1751 539
3529 4991
0 0
9293 0
2408 766
9345 0
2594 0
0 0
5372 8797
9084 0
0 0
0 0
0 0
0 0
7675 0
1829 0
8573 185
1691 0
2039 0
3572 1488
1308 0
0 0
8169 1454
0 0
184 2098
5640 0
7905 425
7971 0
6178 0
0 0
4333 2289
3378 1036
3674 9073
2020 0
5064 7346
3262 9419
0 0
3227 3560
0 0
0 0
0 0
0 0
4510 3556
7198 0
3352 0
1237 0
0 0
0 0
1824 1915
0 0
0 0
0 0
9050 0
5702 4324
9751 0
6230 807
0 0
4707 0
6899 0
3247 0
0 0
5471 0
5121 0
2915 0
7506 3685
5829 6985
4760 0
6696 0
9861 3404
3664 9814
0 0
8728 0
6679 0
8264 0
0 0
3512 0
7639 0
9316 0
3576 6118
0 0
9965 2072
5556 0
3230 986
3778 6466
0 0
8740 0
0 0
0 0
1235 0
7155 1491
9806 0
8051 0
199 0
95 5150
0 0
7432 7085
5610 0
8638 0
556 7832
9746 1538
8603 6449
31 0
5327 3551
4144 2790
7453 9210
0 0
0 0
0 0
0 0
5241 0
6808 2482
3399 0
7979 0
0 0
2481 0
0 0
666 0
3260 9704
1379 3119
0 0
0 0
2342 4950
6382 0
0 0
0 0
1975 0
9469 0
1142 3588
2441 6204
9871 4059
6238 0
5331 0
2468 0
6791 0
0 0
5544 0
1375 4146
4713 0
0 0
8943 8014
1623 0
5884 826
0 0
4061 0
931 0
4904 8781
6786 7049
3257 4295
0 0
0 0
0 0
4597 0
0 0
5234 0
6976 6605
0 0
0 0
9049 0
0 0
0 0
7263 5231
1008 1395
6882 3389
868 3414
495 0
0 0
1861 0
581 0
6408 4076
3490 1787
1604 0
0 0
1078 0
7292 0
0 0
0 0
0 0
9606 9898
4752 8194
0 0
4943 5854
0 0
7072 8674
2269 8571
8748 2907
76 8544
3121 707
0 0
0 0
6884 226
0 0
3538 0
2699 610
0 0
8063 0
6588 0
0 0
8272 1404
0 0
4556 5553
6858 0
2444 0
7764 9498
2596 4655
5530 4040
7611 7211
6299 739
5554 9110
5177 2077
0 0
0 0
0 0
1166 5135
0 0
8563 3162
0 0
0 0
1639 0
8023 6384
2438 0
6155 6089
5902 7148
2154 9963
0 0
2141 3972
1841 0
0 0
309 392
3122 2729
1434 8701
490 0
0 0
6096 6675
0 0
5122 0
6708 0
7323 994
2156 6719
6610 5566
8374 2833
9535 0
48 9222
2015 0
0 0
0 0
0 0
0 0
4238 6717
0 0
0 0
3274 8031
5441 224
0 0
9595 0
0 0
6918 2184
0 0
0 0
0 0
2946 5256
8472 0
4589 4136
0 0
0 0
1593 0
4445 0
7749 0
0 0
6594 0
6626 5936
1033 5261
4675 1647
5288 8814
0 0
1065 0
2284 7943
0 0
2826 1909
775 0
0 0
7806 5637
0 0
4090 4670
2019 0
0 0
8951 3225
0 0
7520 5622
0 0
1413 0
4352 0
5754 0
0 0
0 0
2956 7895
6574 1011
0 0
8294 0
9196 0
0 0
0 0
0 0
1331 2755
7923 5819
4078 0
5103 0
3649 9336
0 0
3906 0
8800 7316
3259 6903
8379 0
4517 0
6721 6345
0 0
657 276
5894 7873
0 0
5199 0
6127 933
5867 0
8409 4143
5182 0
1792 7672
9080 0
6825 867
0 0
0 0
0 0
0 0
4065 8802
2702 3493
5872 5028
4413 2511
2786 0
2823 0
0 0
0 0
4642 0
0 0
0 0
36 0
0 0
0 0
7989 5663
3440 0
1160 0
8152 3214
3322 0
6192 0
0 0
6274 0
4240 0
0 0
0 0
2666 0
2322 0
2536 0
1839 8107
8131 0
0 0
0 0
0 0
4907 289
1966 7628
9043 0
4896 0
0 0
1014 0
0 0
0 0
0 0
4248 0
0 0
0 0
0 0
2123 6438
2474 9019
0 0
0 0
7670 0
0 0
3754 0
0 0
9977 6577
5417 0
4927 7948
7082 0
0 0
0 0
6016 0
8928 8543
0 0
4728 0
9189 3921
3198 0
0 0
0 0
9680 3721
0 0
7566 0
2050 1258
0 0
7788 6506
0 0
9069 0
6578 0
5061 3968
5349 0
5357 789
0 0
0 0
8906 0
3351 3177
1414 1415
8508 2276
3537 9766
2375 0
0 0
0 0
8877 0
0 0
0 0
504 2264
777 9471
0 0
2099 0
0 0
3170 4915
0 0
0 0
6317 9121
2217 0
6854 0
0 0
4658 1921
898 5154
7215 9010
6583 0
7208 5535
2173 1066
3787 4926
0 0
8145 283
9623 9343
7377 0
0 0
3483 3479
7771 98
3903 2602
2270 5309
9659 0
6044 5421
2606 7783
0 0
1435 0
0 0
0 0
1106 2271
0 0
6235 0
4217 0
0 0
7396 1401
5597 7165
0 0
4739 4125
5159 634
0 0
0 0
0 0
385 2880
0 0
0 0
0 0
2068 0
1790 0
4135 8972
0 0
0 0
3782 0
0 0
0 0
1327 6005
116 0
0 0
4750 0
9099 8075
3788 0
0 0
3784 0
7370 6398
9523 6306
5465 6065
4575 241
8233 0
5153 0
8985 0
3323 4676
5992 2585
8523 0
5487 0
0 0
0 0
396 2115
5242 3174
6633 1565
2922 5422
0 0
2362 7038
7333 8082
0 0
0 0
2917 9079
0 0
8038 8434
3730 0
0 0
8386 0
6820 0
0 0
0 0
0 0
5187 0
3133 0
2937 7899
3106 4188
0 0
0 0
0 0
0 0
7673 0
0 0
0 0
0 0
0 0
5931 9870
3559 6607
0 0
0 0
8581 488
1416 4585
926 0
5374 7548
609 0
2470 5324
7892 0
787 0
0 0
8829 9114
0 0
6944 0
2512 0
0 0
1775 0
8318 0
2216 0
3583 0
1332 4942
0 0
0 0
3584 1706
0 0
4404 0
8723 8659
1195 1344
9260 0
0 0
9946 2253
7343 2192
0 0
4486 0
0 0
9881 0
6352 0
3303 0
0 0
0 0
239 7078
3528 0
0 0
8642 0
2462 0
9618 9001
7139 6628
0 0
0 0
9478 0
1809 0
9497 7929
9062 0
7890 7811
0 0
0 0
0 0
555 6761
0 0
0 0
2693 0
0 0
7921 0
0 0
0 0
0 0
1901 0
6667 468
8257 2188
0 0
6129 0
2794 0
1902 9259
0 0
0 0
0 0
0 0
0 0
0 0
5258 4530
8876 1698
7013 0
1139 0
2944 0
0 0
4623 0
7569 8252
0 0
0 0
1104 4894
4536 0
2110 0
9119 0
6070 0
0 0
1808 8551
8021 3246
0 0
4105 9427
0 0
2688 0
0 0
0 0
0 0
0 0
9163 5164
3656 4263
7010 4160
2252 8591
9295 6295
5697 3401
0 0
2957 0
4051 1875
4268 6828
8616 6736
0 0
1303 0
1650 4823
92 8669
2529 2912
9149 0
0 0
5524 9596
0 0
0 0
7450 0
6190 8553
275 0
3513 0
6815 0
0 0
0 0
7411 0
795 0
9357 0
2866 0
0 0
0 0
1025 7956
9170 3290
0 0
2997 0
6473 0
4062 0
4716 9468
9803 0
5715 0
6647 0
2381 0
0 0
0 0
0 0
7591 8383
5281 0
3867 0
4206 0
3612 7803
4876 3208
0 0
6437 9353
8583 1867
0 0
3426 0
9771 0
0 0
0 0
0 0
8811 1619
0 0
1280 0
1463 0
751 0
3616 8830
0 0
8092 0
0 0
0 0
1465 3886
0 0
0 0
0 0
8757 1753
2059 8102
9568 0
6344 9439
6564 0
9369 0
0 0
1148 0
940 8818
1570 0
5004 5605
722 0
5273 9020
8015 2406
1412 0
6363 334
3372 7541
6680 0
0 0
0 0
1131 0
0 0
1606 0
7797 0
1206 4282
2323 0
4729 948
0 0
8356 7317
570 0
0 0
7253 0
3489 0
3978 8381
1914 0
9512 4165
0 0
0 0
0 0
1793 8760
8158 0
2095 6430
5333 0
4570 0
0 0
7445 2048
0 0
7126 5379
4447 6058
5816 6737
8902 1548
0 0
0 0
0 0
6728 2306
5475 2201
0 0
0 0
1837 0
7066 5970
9106 0
0 0
4210 0
4870 4069
8901 552
3307 0
2055 0
9494 4475
6552 1913
0 0
3228 8690
9947 0
7999 1946
0 0
0 0
7775 0
0 0
871 0
8114 0
9663 6442
0 0
8295 2960
4012 7901
8675 2066
8736 4314
5675 100
0 0
0 0
0 0
9540 0
7912 0
881 0
0 0
0 0
0 0
9713 0
1184 0
0 0
5296 0
8949 0
0 0
4674 2296
0 0
0 0
7715 0
5439 0
0 0
9137 0
0 0
2584 0
5825 7436
1084 2107
0 0
781 0
0 0
0 0
0 0
0 0
0 0
0 0
0 0
0 0
2641 3943
5026 0
0 0
5853 0
350 6147
0 0
0 0
3408 5314
0 0
1750 0
2974 0
0 0
328 0
4647 0
9411 0
6042 4549
0 0
308 1654
0 0
0 0
4441 9112
6475 5111
0 0
0 0
0 0
2593 0
984 0
9747 0
4957 988
5996 0
7767 947
8919 2725
0 0
8306 0
0 0
4084 0
9141 3516
9577 0
567 5054
8007 0
0 0
6551 5893
9003 9903
5457 0
1126 0
7079 1503
5537 5818
0 0
3598 0
0 0
0 0
6094 0
2267 0
6735 8104
0 0
9892 8869
4906 2884
3251 0
0 0
0 0
4834 0
2454 7688
615 0
280 3241
1925 849
8557 2350
0 0
2023 0
0 0
7379 0
1859 2807
2206 1904
3800 6496
0 0
9971 0
6948 6261
0 0
5476 0
4454 5821
4254 3150
0 0
0 0
6489 0
9940 0
8650 6508
0 0
7105 1745
1143 0
4272 6921
1045 5489
8081 0
6553 0
957 4477
9702 977
4018 0
2259 0
7952 456
3989 5589
0 0
6034 0
0 0
0 0
2014 8380
0 0
3240 2527
7564 302
7898 0
2820 0
0 0
1733 0
2231 0
0 0
54 1830
6914 4458
8525 9406
8373 3772
7099 3742
8715 7957
0 0
4037 7395
7716 3052
5274 5037
1312 7059
9183 3926
5400 7476
5700 4650
0 0
0 0
0 0
8444 4651
5580 0
4980 0
7111 0
0 0
0 0
9988 0
1264 4708
399 0
4100 3680
2132 8597
6328 7291
0 0
0 0
6495 9211
8182 7104
3046 0
0 0
6006 0
9695 2780
2637 7227
0 0
0 0
0 0
4342 3101
3199 0
0 0
7003 0
0 0
0 0
749 0
4519 0
7640 0
8824 167
58 1641
0 0
389 2169
0 0
834 0
0 0
0 0
0 0
0 0
8110 8243
0 0
5852 0
0 0
0 0
821 0
7573 0
670 5583
3662 0
4013 0
0 0
1480 0
7015 7911
7493 0
5744 5932
7970 9883
0 0
1605 0
7113 0
9931 5909
7859 0
0 0
5871 9797
0 0
0 0
4743 9985
3850 7813
6080 1366
0 0
0 0
5211 149
0 0
0 0
967 8223
9191 469
6224 0
5075 0
9462 0
0 0
0 0
0 0
8128 5377
0 0
7840 2531
6925 9669
1494 9879
0 0
6814 0
8611 9565
6900 0
489 0
9894 0
7303 0
4168 9686
0 0
7546 0
0 0
0 0
3215 0
9957 0
4630 3548
4694 3288
4496 8483
8566 6771
7225 6851
0 0
6450 7909
4617 4959
8957 5704
748 0
9862 6194
8872 0
4201 7454
2089 944
8982 5171
0 0
2816 5088
0 0
0 0
6365 5977
0 0
0 0
9479 3704
8347 0
0 0
6465 0
2898 0
7060 8938
4156 337
0 0
0 0
7121 0
7690 0
0 0
2413 0
341 0
999 0
8855 0
6897 3785
1284 9024
0 0
2788 3986
8646 6996
5230 7053
905 0
1317 9465
0 0
0 0
0 0
6532 0
0 0
0 0
0 0
9694 0
0 0
0 0
7589 0
908 4195
2514 0
3692 0
5470 0
9869 0
417 0
1080 0
4836 0
7733 9334
2738 0
1105 6857
1482 0
0 0
0 0
7433 4948
3717 0
0 0
0 0
0 0
9302 7717
0 0
6557 2544
4148 0
3167 0
0 0
0 0
4645 2179
6881 0
2840 0
2349 6202
9701 2598
883 0
0 0
2419 8173
1291 6715
7598 0
8467 6989
4797 0
0 0
282 0
8710 6334
1983 0
9526 0
6259 0
0 0
0 0
8862 4353
0 0
9113 0
2316 0
9202 8719
6674 0
2681 8935
9974 7188
8343 0
8466 0
0 0
6861 3252
6195 220
6003 0
4818 1346
0 0
0 0
102 0
5468 4301
9624 1271
769 9186
0 0
0 0
0 0
9699 86
5966 0
6784 0
0 0
6323 0
8815 0
8834 7022
2994 7180
0 0
5338 0
8823 2587
0 0
0 0
0 0
9066 0
7685 107
7023 9678
4928 3165
0 0
0 0
359 2869
7661 0
0 0
4376 0
0 0
0 0
7460 0
1882 5928
0 0
5038 6855
74 0
617 7762
1022 0
4202 0
8622 304
0 0
0 0
3760 0
8101 1953
5962 0
1905 0
9072 1479
0 0
4663 8775
268 6875
0 0
9053 0
3804 6272
9164 0
878 5299
6862 0
5770 0
8322 8871
0 0
0 0
1937 3838
0 0
127 8941
1213 0
9272 0
9722 0
0 0
1118 9173
7097 9243
964 0
3373 0
4595 0
0 0
0 0
5921 2706
4553 0
0 0
9733 9197
5676 0
0 0
6772 0
5588 0
9884 6810
3497 0
5160 0
9425 0
2673 0
7580 4464
7118 5994
5193 8210
1313 0
715 9562
0 0
7860 7550
0 0
4309 0
0 0
6933 5264
0 0
3070 0
9226 5461
5206 7885
0 0
8991 0
194 2595
1306 5870
5572 9866
4367 8276
0 0
8635 0
6138 0
0 0
9064 0
2987 1428
6646 0
4579 0
0 0
0 0
0 0
0 0
5232 0
4472 0
3277 3219
3427 8632
2351 3023
9924 9762
497 6724
5841 620
0 0
1713 0
1955 0
0 0
0 0
0 0
8663 7651
5828 6621
0 0
5655 8211
3586 6502
0 0
5674 9937
8962 0
927 0
0 0
8950 7787
7747 0
7723 0
3103 6684
281 4450
8052 4316
7497 5186
8754 5011
66 5043
3809 0
3678 0
9532 8002
2760 4035
0 0
9530 8436
0 0
1781 0
0 0
0 0
731 6769
8805 3507
0 0
410 0
9670 0
585 0
5024 0
296 0
6700 2976
5067 6603
0 0
4754 525
0 0
1842 0
2086 0
949 1487
9880 5690
4107 7925
3143 5458
0 0
4328 0
4951 3693
0 0
0 0
0 0
0 0
3484 0
0 0
745 1067
8971 1043
5168 0
5590 135
7950 6319
7590 6584
0 0
0 0
0 0
0 0
1265 0
8420 6596
7470 9823
1963 0
6028 0
0 0
2539 7481
7168 0
3018 3590
0 0
9349 8278
0 0
7592 0
5007 2712
0 0
0 0
0 0
2114 0
1097 6304
4497 0
0 0
6657 7093
8656 0
0 0
9172 0
2451 2244
0 0
9023 0
0 0
0 0
5727 0
0 0
0 0
0 0
7077 0
6889 2001
8193 0
8042 7159
0 0
3701 0
37 0
5031 553
3696 0
4722 3561
1818 0
4862 2263
0 0
8292 4559
0 0
0 0
0 0
3471 0
3562 3007
918 0
0 0
0 0
0 0
8788 0
6220 3644
0 0
368 0
4443 2998
0 0
301 5866
9779 0
4602 0
505 5546
0 0
6403 0
8231 1215
9187 0
2642 0
0 0
2395 0
7425 7819
7311 0
8836 2082
9816 3808
0 0
0 0
9712 1893
5685 0
0 0
8753 0
3020 0
5592 5543
1661 0
6978 8721
0 0
6601 7459
0 0
0 0
0 0
7125 0
0 0
0 0
1452 8425
6416 5805
2197 0
0 0
6620 0
3835 7600
159 9769
9835 0
0 0
1137 0
3625 7966
8352 0
7089 0
7461 0
1554 5638
3847 1820
922 0
6027 0
5802 0
5481 0
3731 0
0 0
4660 4057
0 0
0 0
6219 0
0 0
8377 0
3142 0
2389 0
0 0
0 0
0 0
8575 0
1372 0
2352 0
9632 0
3482 0
4542 3280
0 0
7035 0
3218 794
0 0
2404 0
1433 1655
7664 0
7724 4691
0 0
5251 7347
958 7721
0 0
0 0
0 0
4335 0
0 0
8578 0
4710 9194
5223 2497
0 0
3197 0
2984 0
730 0
0 0
0 0
4668 5266
3621 8708
0 0
7980 5173
5495 3113
7857 3412
3893 0
2403 8955
9730 5442
2442 0
0 0
0 0
4667 3863
5940 8463
5123 0
4052 0
0 0
0 0
0 0
2555 1747
1127 0
0 0
0 0
0 0
451 7582
1236 0
0 0
216 0
5104 0
2129 1710
0 0
418 0
7773 0
143 0
0 0
8219 1453
0 0
0 0
7200 3382
9362 1181
3444 0
8045 8846
8989 0
0 0
4860 4434
2814 0
3969 0
0 0
0 0
4213 0
4656 1350
8489 3975
6432 0
9489 0
8522 9277
0 0
792 8697
5192 0
9420 0
0 0
0 0
9474 331
3953 6297
2251 0
2155 0
1055 6407
0 0
8521 0
8039 7468
6716 4070
5785 0
7212 591
0 0
6281 7397
0 0
8884 0
9090 0
4792 4340
6796 7081
3496 0
0 0
5161 9175
59 3912
81 924
0 0
7763 0
0 0
6839 0
0 0
4727 0
5615 1543
0 0
0 0
7325 0
0 0
5393 6151
3573 0
5532 5066
537 7414
4466 6136
3545 3329
6905 7502
1059 0
0 0
0 0
2887 8132
6036 5252
7809 0
4996 0
3764 5877
0 0
2363 4446
0 0
5806 9685
1048 0
2611 823
5247 0
0 0
8894 6418
5373 5146
9174 0
955 6901
0 0
3400 7466
970 9270
0 0
1315 763
8658 4989
1351 1546
0 0
4666 356
8061 0
5220 0
7083 7579
0 0
1620 0
0 0
3072 0
322 9987
1484 0
5528 5855
8625 0
0 0
0 0
9477 0
0 0
0 0
9647 0
6251 0
2119 2746
0 0
5981 8184
6981 0
3825 9298
873 0
2522 7810
2920 0
2875 8890
4535 0
6413 2016
0 0
0 0
8187 5774
2373 0
7074 4420
5875 0
0 0
7280 0
548 0
0 0
0 0
0 0
0 0
0 0
0 0
0 0
2634 7612
0 0
4879 1653
0 0
0 0
9674 0
0 0
8520 0
7982 0
9693 8149
0 0
0 0
0 0
0 0
8960 1873
442 0
9004 3917
623 0
0 0
2603 0
0 0
872 5098
0 0
9559 3451
0 0
0 0
0 0
0 0
2766 9683
0 0
6273 1992
0 0
6167 0
5944 7667
7312 0
0 0
212 5238
1407 0
0 0
3705 0
0 0
0 0
0 0
4011 3769
9549 0
0 0
0 0
2856 9792
4485 7375
1018 3506
0 0
5983 0
4023 4994
0 0
7192 3637
3566 6411
2800 0
0 0
0 0
4721 5961
3275 0
0 0
2472 0
9490 0
6454 3328
3040 0
5573 1277
8072 1960
0 0
4056 0
1212 7608
0 0
8959 6624
3655 855
6866 8175
7951 8503
0 0
0 0
4315 5594
5550 8403
7385 0
3091 0
0 0
0 0
0 0
5515 0
7226 0
9253 0
6208 0
9051 0
0 0
210 0
5730 0
0 0
1156 0
0 0
9848 0
1786 0
9576 0
9890 697
658 0
4325 0
3965 8154
565 0
636 3186
6090 1769
0 0
8214 5093
0 0
6113 2661
6637 0
0 0
9274 0
2143 0
592 0
4337 1846
0 0
6749 0
7232 5034
0 0
7734 5539
0 0
6949 9430
7108 4919
5243 5235
1852 0
6500 28
9 9521
0 0
0 0
0 0
7236 7091
0 0
3690 4622
0 0
8315 0
3224 0
4981 0
9613 0
8480 0
0 0
0 0
8494 0
7300 9070
478 4779
0 0
2456 4402
5170 9511
6172 0
422 0
0 0
3463 0
0 0
9865 0
7814 1162
0 0
8009 0
9533 4077
9516 0
0 0
5843 0
3088 0
621 0
71 0
5411 1969
6614 6285
0 0
1134 0
5486 3495
7861 3411
5097 0
0 0
0 0
0 0
0 0
4459 0
0 0
2828 0
1587 94
7394 8127
9408 474
2004 9120
0 0
0 0
6069 2973
0 0
3957 7092
9740 0
8624 0
4487 0
9539 1205
0 0
0 0
1768 0
0 0
0 0
0 0
0 0
7568 0
6822 0
0 0
7533 9063
1703 0
4161 0
788 2071
0 0
1693 8239
1658 0
5308 0
9165 5209
9085 7382
0 0
5341 3051
1911 2116
3932 0
3526 6818
2435 7714
0 0
2149 0
0 0
6631 5386
0 0
7369 5265
8843 0
0 0
0 0
4185 372
8888 0
0 0
6824 6652
7903 0
5764 0
6292 0
4368 0
8471 8999
9094 0
0 0
5612 0
352 7321
0 0
9294 0
3111 5518
8914 3594
0 0
5383 10
2503 0
1514 9566
2844 4280
6448 1250
4270 6366
408 0
8617 6969
5919 0
7839 1505
0 0
0 0
0 0
0 0
563 0
0 0
8541 486
0 0
8170 0
0 0
2618 8809
4543 9314
2654 0
8109 0
7975 8396
6343 3117
0 0
3029 0
6051 0
2762 7011
9517 7841
0 0
0 0
9772 8596
6181 4073
0 0
3166 1799
0 0
0 0
0 0
0 0
8124 9122
9690 1189
8813 4045
7173 4284
5719 2723
797 0
6586 0
8312 0
0 0
1111 3176
808 3774
5602 0
2753 0
0 0
6210 103
7328 0
824 2007
2036 0
5976 0
1929 7834
7851 0
0 0
7030 8253
0 0
291 0
0 0
141 8358
6602 7610
6515 8348
7790 9571
3357 519
0 0
1822 4318
0 0
4344 0
133 2226
5748 6848
9371 0
7551 3525
7480 5408
4590 0
3575 5101
6256 4147
1525 0
7241 6214
8922 0
0 0
1712 7112
3021 0
5119 5079
4390 0
8281 6750
0 0
1853 3494
9589 9027
526 4323
2426 8477
5342 0
0 0
0 0
0 0
3397 450
0 0
0 0
3773 0
3003 9707
1509 0
0 0
0 0
3356 0
7371 0
136 0
0 0
0 0
0 0
4072 9642
7842 0
3063 4791
0 0
0 0
4343 0
5013 0
8028 0
3406 2484
0 0
0 0
7740 0
379 0
595 1812
0 0
0 0
7786 713
4678 0
2883 6280
8328 0
6154 0
3248 0
1823 8593
0 0
0 0
9227 1089
4759 1423
0 0
774 0
9206 0
0 0
4423 0
576 0
0 0
9610 0
9451 0
6777 8925
0 0
2191 5438
7336 0
2744 5789
7094 0
0 0
9488 0
771 901
2330 0
0 0
0 0
316 0
2578 0
0 0
2886 7649
2152 6630
1663 1670
6029 5519
1640 0
0 0
5551 0
8606 6176
4393 5494
0 0
4881 8686
4000 0
6983 0
9684 0
2496 6302
5586 0
0 0
0 0
0 0
5167 2027
5562 6443
0 0
0 0
0 0
39 303
0 0
0 0
3686 0
8426 8032
3652 0
4983 0
3132 0
0 0
8569 2682
7189 4341
4320 0
6324 6157
5087 5156
0 0
1324 0
1169 0
0 0
294 6372
0 0
3631 0
0 0
0 0
0 0
9148 0
4869 3997
9244 6559
3597 1242
5304 0
3501 2054
0 0
5418 0
7847 0
885 0
0 0
1537 0
1419 7732
0 0
851 0
9108 0
5869 0
0 0
2010 891
0 0
0 0
1624 3097
0 0
0 0
8549 8519
6170 0
8071 0
0 0
7219 8332
0 0
0 0
4732 6
2632 2127
0 0
3222 0
1987 6131
0 0
9995 571
0 0
6816 0
2265 0
1714 0
0 0
9545 0
0 0
0 0
0 0
6093 0
0 0
290 0
0 0
9843 886
0 0
6747 3189
0 0
9893 2219
0 0
0 0
1012 0
0 0
9873 0
7572 0
4877 0
2005 0
3289 0
6225 9495
3235 0
704 0
3763 7352
5651 0
2345 0
0 0
9280 0
5678 305
0 0
6663 0
1736 9640
0 0
8997 3422
6691 8534
5316 0
0 0
3319 0
0 0
8302 0
0 0
3603 0
7642 7874
1273 0
0 0
9162 8695
9052 0
13 7019
5367 8196
0 0
2175 0
0 0
0 0
0 0
7779 4892
4787 5302
487 0
9854 6329
0 0
0 0
6926 0
0 0
7334 3899
594 0
0 0
5971 0
6433 0
9875 0
597 0
0 0
0 0
4030 816
0 0
2194 0
2228 0
0 0
8681 0
8452 5136
5504 7676
8118 0
0 0
4964 0
0 0
5348 0
3938 0
4308 9666
5575 5485
6237 3407
6180 6685
5397 0
0 0
5809 0
9653 1708
0 0
0 0
7563 7045
7602 0
0 0
6634 3316
0 0
0 0
4829 0
3242 2158
0 0
0 0
8602 1383
1941 9928
2953 910
0 0
0 0
2996 7235
1460 0
0 0
8820 0
0 0
2233 0
0 0
0 0
0 0
1949 7134
0 0
0 0
2588 7805
0 0
0 0
0 0
9724 8734
1335 8046
0 0
0 0
8084 2368
0 0
2621 2837
2166 8826
0 0
1816 8319
7420 8618
0 0
1405 4269
0 0
7310 0
2524 6499
0 0
9245 0
3272 0
7570 9330
0 0
0 0
7505 0
0 0
0 0
471 7677
0 0
0 0
0 0
4720 0
6570 0
8270 9639
3900 0
5107 0
0 0
251 8212
0 0
7863 0
8370 8500
5646 0
438 0
564 0
1394 3775
0 0
799 7605
6892 0
9475 0
7644 5979
0 0
0 0
4684 1701
6512 7008
6689 0
9304 0
7294 2308
7973 0
0 0
0 0
2930 0
0 0
5650 0
7217 0
8933 7666
0 0
7916 8165
0 0
1120 3571
0 0
0 0
4641 5346
3948 498
786 0
1431 5082
8361 0
3345 6968
3146 1669
2874 0
0 0
7941 3486
7604 5095
0 0
0 0
0 0
0 0
1504 0
1046 0
735 0
8422 0
0 0
522 3169
4401 4814
2355 0
0 0
0 0
2459 8601
6573 4753
9673 0
0 0
8451 0
9291 0
8029 0
8053 0
0 0
156 0
7858 0
2017 0
0 0
6629 0
3952 8161
0 0
0 0
0 0
5248 2909
9759 0
2566 2292
4291 7202
0 0
7194 0
3883 3908
0 0
0 0
2361 4937
1374 0
0 0
0 0
0 0
5698 6434
3250 0
6150 0
3639 0
3826 6521
5456 8147
0 0
4643 0
361 0
0 0
9836 0
4151 0
4371 3866
3164 4673
641 4081
1418 890
9101 0
9310 1296
3770 0
0 0
2340 0
4648 6233
0 0
0 0
9993 0
0 0
0 0
3188 5701
3156 0
5270 2550
8945 5467
6549 6516
2380 2722
273 313
6335 0
4941 0
0 0
9859 0
6498 0
323 7350
6244 0
5157 4096
3193 9228
1541 9424
4304 0
6420 629
5826 0
0 0
5116 9953
8693 7937
4952 0
0 0
0 0
363 0
1336 0
8536 0
701 9233
0 0
913 0
428 0
8323 0
0 0
3990 8860
4891 0
5144 0
0 0
6509 9541
4706 0
0 0
7594 2756
6368 0
6331 0
7447 299
5907 0
0 0
4863 4260
9257 0
0 0
7634 518
0 0
7245 0
0 0
0 0
5924 0
2687 3623
9218 5096
8133 5290
4987 7504
9954 8504
987 0
0 0
0 0
5125 0
430 0
8793 6291
9560 0
5849 7969
0 0
0 0
9915 5740
0 0
460 2717
0 0
6415 8609
1717 4150
7891 0
0 0
5344 77
5139 8225
1071 0
0 0
0 0
2130 3048
3646 0
5454 8828
0 0
9438 0
5057 2726
8346 0
7067 8226
0 0
4239 0
9414 0
1561 3624
0 0
5181 0
9457 7554
3300 0
6758 0
0 0
7955 0
0 0
6060 6277
8454 0
7880 7279
963 7044
0 0
0 0
0 0
8712 9131
0 0
0 0
9720 5682
7624 0
3602 0
3982 0
2750 0
4681 4521
4538 0
9493 8478
6712 8717
0 0
3342 0
9155 5882
0 0
589 2727
9333 0
9281 0
5618 9320
6946 2432
3168 0
0 0
5214 1092
8167 7850
782 0
724 0
0 0
0 0
5246 0
0 0
3466 0
1468 3935
654 9689
7774 0
9982 0
9909 6546
1581 0
4467 9136
8230 4407
0 0
300 0
8559 0
8469 7728
791 4785
4624 5579
0 0
4664 1300
0 0
8741 0
9391 0
0 0
0 0
9692 0
685 5879
5402 0
0 0
7166 0
3370 2183
0 0
0 0
8410 0
8506 0
3817 0
9375 263
0 0
1730 4207
4403 6995
0 0
3732 2950
8973 0
3568 144
6524 0
590 8378
0 0
0 0
0 0
4852 7341
9146 0
837 6742
6939 0
7789 0
5332 0
0 0
0 0
0 0
0 0
0 0
0 0
0 0
2669 0
0 0
1610 7507
0 0
2320 0
1883 0
1347 0
0 0
0 0
4366 0
0 0
1675 9524
503 0
7584 0
7823 9778
3335 0
5405 3836
7056 0
0 0
6923 0
1973 4387
2070 0
8254 0
7244 0
7359 9150
0 0
10000 7776
1159 15
2150 0
0 0
4293 0
2088 8840
5105 0
0 0
8924 0
4599 0
2109 6766
8649 7496
0 0
8291 2494
6174 717
0 0
3569 8249
2347 0
0 0
2845 6169
0 0
3438 6779
9986 0
0 0
0 0
0 0
0 0
0 0
0 0
4591 1233
5942 0
9582 0
8899 9441
0 0
0 0
1459 7218
9788 0
0 0
7703 0
1079 7557
4124 3139
4955 5094
9825 6402
3687 0
9219 3253
0 0
0 0
9851 387
6326 0
7638 8910
3149 8880
3468 1269
0 0
3343 0
1185 928
8691 9572
3798 8786
0 0
0 0
279 0
0 0
6841 6269
770 4913
0 0
8069 146
9132 0
546 0
5886 0
0 0
4419 738
9554 0
4149 0
0 0
9301 5718
9858 839
0 0
0 0
0 0
6133 0
9664 9970
6125 0
0 0
2943 0
293 9687
2967 4634
376 0
3467 0
2652 0
2151 8296
1962 8090
7284 0
9061 4499
700 5512
3591 5239
5237 0
0 0
4372 7760
0 0
0 0
0 0
2056 0
0 0
5771 0
0 0
4432 3492
6541 0
2605 4442
0 0
0 0
0 0
9486 0
5451 162
0 0
8423 7933
8355 27
4274 52
3420 147
854 0
2038 9250
644 0
4882 0
7938 0
4313 9325
0 0
4457 3437
8449 4763
5677 0
7228 5624
8505 0
1402 9470
246 0
0 0
0 0
0 0
4001 217
7130 3865
7995 1259
8043 6661
3441 5000
892 0
2224 9744
0 0
9169 0
975 0
5017 536
8662 0
5803 3681
0 0
3431 7209
3050 559
1288 0
3344 0
3574 0
6007 0
0 0
0 0
1396 0
0 0
3338 0
3930 5184
3022 1321
0 0
2255 447
0 0
672 4569
1866 0
0 0
6369 6864
0 0
5350 0
93 5669
5109 0
9786 8513
516 0
0 0
0 0
0 0
0 0
6287 5175
2272 2425
0 0
764 0
0 0
0 0
0 0
2612 0
9652 0
6115 2131
3843 2655
4461 7897
0 0
8713 0
0 0
1399 0
0 0
7798 4184
6022 0
1896 0
0 0
5661 7524
2510 3212
6435 85
0 0
0 0
0 0
2896 0
0 0
170 0
7224 0
0 0
0 0
2865 2562
1780 3173
7419 0
8095 463
0 0
6961 8171
8524 0
1942 0
3536 0
0 0
8961 3823
1526 3767
1026 0
4214 0
6849 9593
2045 5922
0 0
5081 0
492 0
7915 0
0 0
0 0
1154 1238
6702 0
6906 9573
0 0
0 0
0 0
0 0
4905 0
3178 0
0 0
3503 4297
2455 0
0 0
4236 0
3060 3746
0 0
9955 5191
1895 3640
0 0
0 0
0 0
0 0
0 0
0 0
1447 0
8297 0
9095 2399
8702 1976
1108 0
0 0
1099 0
7380 9619
9773 2196
0 0
5382 1718
4118 3699
9255 0
2211 0
8098 3325
0 0
1935 0
6745 1613
5452 2221
0 0
2676 2528
0 0
5423 4782
8778 9380
5734 7018
0 0
0 0
8413 0
4354 4327
3632 6019
1784 3869
1168 0
4246 2505
1734 3392
5189 1293
1337 0
1892 0
0 0
5781 9385
0 0
0 0
9041 0
1392 0
5796 8325
4129 675
6023 0
8966 0
0 0
0 0
231 400
6811 0
7974 1309
0 0
1952 0
7357 0
9229 7344
3019 0
8672 1249
6613 5807
8579 8240
8699 741
0 0
8995 0
0 0
4633 7418
1849 0
8822 6827
5450 0
9081 7025
0 0
677 0
0 0
5212 354
4259 5741
0 0
1357 3268
7413 4965
1897 0
7080 3592
0 0
8094 0
2553 0
7170 8612
2888 2208
1393 7273
4902 7878
306 6753
1152 7489
5 3673
4974 7144
0 0
9232 4243
4794 2739
8984 8309
8684 5068
3544 3100
3799 3221
2319 6813
0 0
9605 5917
4845 0
0 0
0 0
3861 6109
2663 0
0 0
1657 0
0 0
0 0
0 0
4130 0
9306 0
2565 8073
244 0
3579 0
0 0
1262 1478
0 0
7755 7169
2300 8440
358 2200
2789 0
0 0
9421 0
3477 0
0 0
8058 0
0 0
0 0
0 0
4082 0
1688 3159
3677 0
2668 6374
7719 0
2643 0
7983 0
1165 4639
4606 0
1854 625
121 0
0 0
0 0
8917 4827
0 0
9852 0
2433 1625
1996 0
1138 0
0 0
4399 0
0 0
3694 0
7290 0
3042 2525
7021 9508
0 0
6399 776
9397 7259
6563 0
1254 0
0 0
8037 0
0 0
870 0
8011 5851
1716 0
8661 0
0 0
0 0
1444 5534
7365 4924
0 0
0 0
3341 7231
9129 0
9426 0
728 3964
0 0
9849 4194
370 1252
0 0
3981 0
7822 0
7330 7792
8789 7262
6270 4917
8885 0
6511 0
8287 819
6313 0
0 0
6732 1735
2293 4102
0 0
0 0
5366 0
0 0
9446 0
4914 0
5022 0
9454 4024
4734 0
9785 2721
3075 0
435 5758
9401 3110
0 0
0 0
2703 0
3416 5627
6545 5804
1972 7185
0 0
5375 2205
401 6970
7705 0
6767 0
7203 0
3884 3013
0 0
7127 7409
6222 0
0 0
7831 0
5132 8976
653 9356
8671 3706
3608 0
8970 5691
3326 0
2863 0
6801 2891
4586 0
5916 0
7848 0
0 0
1155 7128
2533 3820
0 0
5426 0
5975 8958
307 8085
0 0
0 0
2383 8722
9752 4719
5023 2299
0 0
6927 9209
0 0
384 8502
9368 0
5370 978
4883 9588
0 0
582 0
7588 0
0 0
0 0
0 0
9192 0
0 0
4539 0
1518 5279
3844 1596
0 0
0 0
6401 0
5039 0
6064 2622
0 0
832 0
710 9048
531 0
9612 0
4411 3909
0 0
0 0
6568 9896
8280 8770
3099 3030
89 0
8190 0
8651 0
3376 6441
0 0
5378 8763
4378 7784
4253 0
5303 0
9804 1555
2985 8431
0 0
0 0
1715 0
7007 0
186 0
0 0
0 0
0 0
4332 0
4488 0
860 4026
1919 8453
9579 0
1430 0
3666 0
0 0
0 0
8121 4596
0 0
1027 4972
2677 9056
8787 9289
2305 4349
9611 2187
7046 78
5684 8178
2090 0
6930 0
9723 0
9025 1826
4798 0
5089 7260
0 0
2424 0
8411 0
4835 1421
7627 0
0 0
0 0
5482 877
5046 5505
0 0
0 0
0 0
2927 0
5658 7275
0 0
0 0
5511 7408
0 0
8653 4736
7595 9671
9999 3620
339 544
0 0
9068 1783
6722 7665
3405 0
616 0
3951 0
5222 0
7853 9941
3304 1003
477 2542
7804 0
0 0
7750 0
0 0
7006 0
8756 1339
0 0
4463 1743
1507 6307
5794 5392
9000 0
5091 9604
0 0
2999 0
0 0
7632 0
0 0
3517 0
5973 6337
8531 9648
0 0
8883 6638
0 0
5897 7516
0 0
2126 0
9140 2346
0 0
0 0
0 0
0 0
0 0
7753 0
4261 8912
9607 0
0 0
1795 1572
0 0
7953 0
1087 0
7650 4395
0 0
921 0
7040 4119
2134 695
0 0
1692 0
7050 0
0 0
30 3535
9819 0
404 5435
0 0
4205 0
0 0
2734 3366
8979 0
9204 6616
6785 3499
1542 2334
0 0
0 0
0 0
3206 0
0 0
2135 4290
0 0
0 0
2275 4800
2445 9714
8743 6869
0 0
2489 8401
8831 0
5499 0
0 0
583 4756
0 0
0 0
8706 1200
4479 0
9768 1164
7794 0
2222 0
5549 0
3160 2649
5205 0
1985 0
8076 5099
3887 0
7699 0
9784 0
5952 4515
0 0
2761 0
0 0
3555 6348
0 0
9373 2388
8867 0
0 0
0 0
7680 0
4364 7854
9038 5567
6410 3421
5140 5527
6826 470
9662 2580
2338 2083
2910 9753
7626 0
6526 0
6179 0
9098 0
183 1928
0 0
0 0
3611 0
4614 4815
7940 0
0 0
3567 3191
0 0
8845 0
0 0
1013 0
7452 6112
0 0
990 0
1075 0
2029 4781
607 6249
9442 0
0 0
1579 409
5776 0
7258 2343
3311 8387
5255 0
0 0
0 0
0 0
0 0
3715 0
0 0
0 0
3949 4169
2821 7877
5510 0
0 0
0 0
3783 0
4412 0
0 0
5791 3599
2877 9213
0 0
6536 0
2247 0
6510 0
0 0
5196 7464
7739 4283
7254 0
6776 6681
6376 2885
9537 7406
6830 0
2213 0
333 909
5662 0
0 0
485 0
0 0
0 0
0 0
0 0
0 0
5609 7124
3504 5900
7862 0
888 0
2582 0
0 0
0 0
8464 2209
2759 5267
0 0
4173 4050
2656 5540
3035 7401
0 0
4735 0
9366 7525
1520 0
3362 8060
1061 2321
3727 0
3807 0
0 0
2195 1471
1997 0
278 0
1472 3558
0 0
0 0
1009 0
6063 0
7012 1304
9770 0
935 0
0 0
9864 0
0 0
0 0
0 0
2639 8487
3187 0
2620 0
4550 4066
0 0
4631 4379
2540 0
9166 0
6184 0
0 0
0 0
4405 4038
9484 3332
4016 765
0 0
0 0
2700 4303
1023 6955
0 0
0 0
1671 0
0 0
5294 0
0 0
0 0
0 0
0 0
0 0
0 0
6453 0
8737 4947
0 0
3920 1234
0 0
1475 0
1938 0
49 0
4826 0
9676 900
3582 8825
0 0
4608 0
3476 5169
0 0
4654 0
0 0
2069 0
0 0
6694 9379
7689 0
1608 7031
6132 0
0 0
0 0
4547 4438
0 0
0 0
5321 6310
2547 853
2787 0
5742 0
4649 0
7193 1310
0 0
8448 0
3384 5183
0 0
7561 9557
1230 0
1204 0
0 0
0 0
914 0
2879 5298
1564 0
0 0
5840 5100
178 0
6144 0
4627 907
4435 0
0 0
0 0
4141 0
0 0
335 4790
0 0
1532 310
174 0
7817 8771
966 6185
0 0
0 0
6358 0
5009 8111
8530 0
6936 0
7998 0
3036 5912
3726 0
0 0
0 0
9966 0
0 0
0 0
7374 5215
1098 0
5387 0
1633 4886
0 0
0 0
7142 0
5903 0
0 0
2813 0
1302 6014
0 0
2374 0
6711 9668
9152 7416
600 535
1574 0
0 0
0 0
5548 0
5856 4281
6688 5147
8930 9332
1979 0
4421 7562
757 0
973 0
980 0
0 0
0 0
1267 0
3822 0
0 0
9190 5113
6952 6055
6893 0
0 0
0 0
0 0
6171 9237
0 0
3331 0
1951 6669
8587 0
115 3419
8237 7117
9842 0
6332 7034
365 7065
0 0
6591 0
0 0
2858 1107
0 0
1566 1982
6812 0
673 0
0 0
4262 0
0 0
0 0
7213 8285
0 0
0 0
0 0
0 0
8048 4127
0 0
4177 0
0 0
0 0
0 0
884 0
0 0
9111 0
0 0
4657 0
4929 1550
9889 0
9347 3064
0 0
1967 4357
0 0
1202 8335
7402 0
454 2478
3657 0
4931 0
0 0
0 0
0 0
9719 0
0 0
5799 0
5006 711
8490 9757
8546 6643
8462 0
0 0
5653 0
0 0
2532 7766
0 0
2460 6485
0 0
0 0
8020 0
0 0
8227 79
2411 0
2685 6258
0 0
0 0
0 0
1959 1034
9100 9370
3210 1348
0 0
0 0
0 0
1922 7115
91 0
346 0
3452 0
8953 0
0 0
2325 8364
8585 1132
0 0
9551 0
9601 6593
0 0
1723 2384
0 0
3728 0
0 0
7606 0
0 0
4028 0
0 0
0 0
1020 1649
8589 7246
0 0
3076 1536
1437 8160
9273 2784
5642 0
0 0
6162 7567
2329 3079
0 0
2092 8288
5204 1990
9637 6386
9737 6592
1886 0
0 0
0 0
7586 0
9980 0
4048 1113
6787 0
0 0
0 0
631 0
6686 4224
3350 0
0 0
3383 0
0 0
0 0
1314 0
6550 0
661 0
4572 7157
0 0
3428 0
9767 0
259 0
0 0
0 0
4544 1732
5695 0
9927 8923
0 0
2561 0
0 0
9626 9811
0 0
0 0
0 0
9033 7201
6870 0
0 0
6788 4522
3071 6817
0 0
434 0
0 0
562 7961
3848 0
9065 5385
6139 2765
0 0
5201 9877
8476 0
1330 0
0 0
4761 0
0 0
0 0
0 0
4397 0
8921 0
8759 4700
1476 0
3109 8664
8337 7478
0 0
377 0
491 436
5049 0
0 0
2895 8577
8538 0
1583 8866
0 0
0 0
8765 7362
0 0
0 0
0 0
0 0
0 0
0 0
7247 0
0 0
3116 3045
1161 1410
4033 8027
1578 866
0 0
9645 4976
5525 0
7910 1216
8993 5053
40 0
5480 1627
8909 7423
7996 2076
0 0
0 0
0 0
5568 1771
4704 0
0 0
1360 0
4396 5166
9089 4015
0 0
9006 5404
0 0
0 0
0 0
1844 68
0 0
7881 2245
8833 9831
0 0
0 0
0 0
0 0
1582 0
2905 9710
5756 0
1349 5659
0 0
5991 0
4578 0
9261 7513
0 0
0 0
0 0
4993 4909
0 0
8769 0
9580 0
0 0
0 0
0 0
0 0
3211 5984
0 0
1227 3856
7648 0
5680 0
0 0
0 0
1528 1456
0 0
0 0
8260 5880
6436 3735
0 0
5665 2568
1765 3834
3129 0
6300 8030
1726 3487
2301 7421
847 0
3417 0
0 0
5174 2945
767 4702
0 0
0 0
0 0
0 0
7944 8720
0 0
0 0
0 0
0 0
5293 7276
9840 2314
0 0
6010 0
4359 9622
4235 8224
3474 0
5517 3369
7583 6763
8365 0
2809 0
0 0
0 0
1386 9410
1039 3510
613 4440
6836 1373
0 0
3781 0
8458 0
0 0
0 0
0 0
4389 8432
0 0
4808 0
4669 0
7214 5591
5225 0
0 0
0 0
4565 0
1489 4043
7138 0
3876 0
9602 1994
3358 3846
0 0
7143 0
894 3209
8049 0
7315 0
0 0
4171 8556
6751 3617
6743 0
2073 5935
6320 698
0 0
0 0
5800 0
5982 0
0 0
0 0
0 0
0 0
62 8666
0 0
0 0
9480 0
5029 0
4462 0
4581 0
2493 0
0 0
9514 1502
2416 4653
0 0
5671 992
8918 0
5949 827
3347 8414
8913 2607
587 0
390 2638
934 0
0 0
0 0
9138 0
5162 0
7617 3281
4854 8783
3896 0
1709 0
4693 0
0 0
0 0
0 0
142 0
8564 0
0 0
0 0
2736 5905
0 0
919 4986
0 0
5571 0
4659 0
3237 137
0 0
0 0
5262 0
6566 6934
7055 0
0 0
0 0
7835 9592
3714 9254
8246 6707
0 0
2796 138
3080 5250
0 0
0 0
2009 0
0 0
817 1150
9230 0
0 0
841 286
7373 4610
893 5380
8442 0
0 0
2448 0
5027 0
7534 2701
0 0
1281 0
9188 0
6126 2353
9057 0
0 0
0 0
1567 29
2520 0
0 0
1006 0
6917 0
0 0
0 0
153 0
0 0
3448 7277
0 0
3028 3433
6228 2189
0 0
0 0
2610 0
7389 0
0 0
8827 8535
4861 0
726 6106
0 0
572 0
6974 3946
7981 4197
8619 6656
6619 0
0 0
0 0
7657 0
3131 6770
1429 9045
4142 8130
6627 367
0 0
2646 4778
1325 0
5784 7537
213 0
0 0
0 0
106 0
7278 0
9603 0
3179 0
6910 3697
8643 1686
264 5790
1177 6762
0 0
8025 0
9428 7183
2333 3669
0 0
0 0
0 0
32 0
0 0
2120 9936
5449 7702
513 5295
0 0
2437 6659
0 0
2091 1499
6569 8189
0 0
0 0
0 0
5472 0
0 0
845 0
0 0
0 0
0 0
4392 6958
2708 1806
0 0
0 0
4427 3238
269 9850
545 3000
2808 0
2085 3044
5406 9536
0 0
164 0
7947 3415
4071 0
3361 0
0 0
3830 270
4067 895
8441 378
9168 0
38 0
245 4671
0 0
5858 6805
5353 3153
9075 0
0 0
646 0
0 0
8468 0
7888 9458
0 0
0 0
9976 1081
2463 0
4021 3141
0 0
8542 0
0 0
2940 0
4111 0
705 0
9569 0
0 0
0 0
0 0
6288 0
0 0
7727 0
0 0
0 0
0 0
0 0
5473 0
0 0
5133 3318
0 0
0 0
932 0
3791 0
0 0
0 0
0 0
6120 0
0 0
4279 2925
632 5887
0 0
0 0
3654 9415
3803 9091
2171 0
3636 0
9586 8055
4231 1607
0 0
0 0
324 0
5127 0
912 5755
2393 0
0 0
2121 0
5207 0
0 0
0 0
8108 7042
0 0
0 0
1129 4523
7741 2246
5581 197
327 2617
3873 7616
1319 481
8555 5419
7400 5221
9203 2770
9087 8485
1123 6951
1050 0
4273 3812
2711 9416
5488 5415
0 0
681 0
453 3777
3043 0
0 0
3234 0
6898 0
0 0
0 0
0 0
0 0
0 0
2631 8235
7826 9078
443 7879
4042 6215
4080 9599
0 0
7434 5717
0 0
4918 0
9059 0
395 0
0 0
493 9279
0 0
8562 1241
2483 0
7337 0
0 0
0 0
266 0
862 3806
0 0
8511 2675
4557 6264
9060 0
3012 8201
1040 0
8407 6710
4629 0
6606 0
9466 19
0 0
0 0
9585 0
0 0
0 0
3741 2214
9278 2198
4099 0
0 0
611 8931
0 0
639 4074
2291 8847
3963 0
9681 6886
7047 0
8062 9399
9013 0
2551 1535
6497 0
960 2774
5753 0
0 0
8683 8126
0 0
0 0
0 0
3026 4211
0 0
256 0
0 0
0 0
0 0
0 0
8749 2310
2256 0
2901 0
5233 0
8796 0
3902 0
6427 0
0 0
7994 0
190 6671
0 0
0 0
0 0
3684 0
0 0
0 0
0 0
3312 5005
3805 5632
9500 0
7084 4186
3688 166
0 0
0 0
0 0
8631 8981
8655 9727
682 0
9950 0
0 0
2630 7360
2713 0
1286 0
0 0
1082 0
1455 117
7096 0
5074 4469
0 0
8636 5761
0 0
9567 0
6305 8367
6218 4888
950 2733
1458 0
6560 0
4091 9949
2633 9433
0 0
6932 0
0 0
0 0
3395 8493
1074 500
3580 8206
4558 0
0 0
0 0
5626 0
4771 9513
9217 0
2281 6531
4191 0
0 0
9990 0
5664 0
6359 8615