1000 787
808 695
0 0
168 0
204 482
166 555
0 0
519 0
0 0
31 785
38 0
53 586
355 450
0 0
0 0
71 0
0 0
240 0
803 0
201 714
551 985
0 0
0 0
948 0
0 0
0 0
405 0
0 0
292 0
916 0
569 903
909 191
0 0
117 61
635 0
941 0
0 0
812 0
397 172
0 0
0 0
422 296
0 0
685 0
864 0
0 0
915 0
861 830
0 0
0 0
0 0
928 0
243 0
412 357
741 735
828 0
725 281
534 0
371 0
390 0
0 0
957 56
544 334
771 192
98 167
134 0
260 0
485 0
0 0
898 135
0 0
0 0
0 0
25 638
94 472
530 347
817 0
0 0
773 300
474 0
0 0
28 473
935 0
0 0
972 0
0 0
983 0
0 0
29 0
0 0
918 0
648 0
855 0
493 777
491 0
0 0
680 447
747 65
971 400
96 711
128 0
688 253
703 127
16 0
0 0
202 0
692 197
350 0
163 872
671 0
0 0
0 0
679 0
0 0
265 101
613 0
0 0
0 0
0 0
764 0
0 0
0 0
0 0
417 0
698 0
600 0
181 736
89 0
428 0
118 284
0 0
597 20
946 733
729 951
339 608
316 138
200 856
0 0
500 221
0 0
592 0
0 0
283 0
130 617
660 0
0 0
231 378
211 375
0 0
226 754
434 0
215 0
982 0
904 936
717 0
0 0
0 0
0 0
256 0
624 190
847 944
581 0
0 0
606 0
496 39
379 672
0 0
0 0
0 0
238 461
0 0
0 0
577 0
770 0
0 0
0 0
842 0
0 0
218 0
744 748
152 541
0 0
241 781
420 0
259 0
800 731
0 0
718 0
974 0
981 250
0 0
343 143
495 668
988 0
431 15
788 0
6 0
33 837
568 991
552 683
896 0
0 0
0 0
0 0
0 0
0 0
790 0
513 0
0 0
763 185
272 0
297 0
214 0
336 0
536 675
274 0
0 0
0 0
0 0
293 0
180 0
877 105
707 227
0 0
0 0
738 938
142 0
115 88
177 0
0 0
198 154
825 0
760 0
880 908
652 822
0 0
992 156
0 0
0 0
247 873
863 0
120 483
228 727
766 0
838 0
691 0
557 0
0 0
940 797
0 0
0 0
642 0
775 0
0 0
947 108
0 0
0 0
0 0
878 97
35 0
0 0
516 726
870 437
708 0
576 0
596 176
244 0
809 819
407 0
0 0
0 0
301 0
161 920
0 0
0 0
0 0
879 0
0 0
0 0
104 0
682 87
0 0
620 433
715 849
0 0
467 0
165 791
823 0
0 0
640 0
553 40
263 0
451 0
368 448
549 630
0 0
261 494
0 0
81 0
0 0
502 0
0 0
372 865
106 54
0 0
0 0
0 0
313 667
902 7
0 0
0 0
510 0
0 0
389 217
443 732
0 0
0 0
62 436
921 0
0 0
0 0
543 0
0 0
239 114
0 0
765 745
0 0
83 413
151 521
860 702
647 0
0 0
278 0
0 0
111 0
460 0
0 0
0 0
174 72
507 706
480 0
814 0
525 978
0 0
0 0
235 963
841 497
897 0
242 66
0 0
237 0
145 393
0 0
0 0
693 0
0 0
0 0
5 225
471 821
325 0
749 0
344 0
645 317
122 0
0 0
0 0
387 0
0 0
146 709
952 0
0 0
659 394
0 0
0 0
625 0
0 0
820 419
0 0
689 464
0 0
752 70
150 810
885 840
0 0
0 0
330 0
102 426
0 0
0 0
0 0
0 0
917 245
210 326
362 739
0 0
80 942
960 0
212 280
0 0
1000 0
360 573
0 0
505 0
977 0
266 140
91 962
584 0
109 663
774 0
0 0
475 399
319 0
522 0
0 0
0 0
599 728
322 370
157 0
481 196
893 804
0 0
476 699
492 655
0 0
515 64
418 0
641 933
622 911
148 0
631 0
753 0
895 0
51 0
46 0
0 0
73 0
587 139
0 0
512 0
406 520
945 0
616 0
518 0
0 0
0 0
251 0
498 112
922 0
973 802
0 0
912 193
354 0
824 786
153 0
629 932
456 0
0 0
489 0
0 0
529 0
0 0
340 337
453 759
327 0
0 0
328 129
632 0
605 444
848 681
0 0
816 798
789 103
540 3
465 331
442 50
178 0
0 0
223 0
258 159
0 0
23 0
594 639
484 768
0 0
866 807
332 388
0 0
0 0
554 49
831 207
0 0
871 0
0 0
751 550
674 0
308 449
666 110
546 478
0 0
208 0
121 719
2 0
564 0
0 0
44 874
610 0
0 0
429 0
0 0
209 246
664 416
0 0
0 0
0 0
818 0
0 0
585 409
0 0
0 0
0 0
0 0
926 123
769 0
0 0
0 0
403 958
595 0
503 619
14 77
504 0
528 987
0 0
0 0
113 324
565 0
0 0
892 0
976 155
47 42
829 0
0 0
0 0
26 701
305 0
149 670
0 0
0 0
255 0
78 0
206 463
0 0
0 0
455 234
0 0
0 0
0 0
0 0
0 0
0 0
784 321
593 398
462 0
517 967
249 314
690 17
990 0
658 0
0 0
876 0
756 0
386 0
27 0
353 0
524 0
107 721
0 0
307 590
414 0
0 0
0 0
457 369
45 162
0 0
966 385
0 0
0 0
0 0
661 740
0 0
0 0
430 858
0 0
723 30
980 0
11 435
0 0
0 0
125 0
0 0
949 0
488 0
778 0
929 779
126 0
0 0
994 927
470 0
894 342
793 0
0 0
961 0
95 490
657 0
0 0
799 275
533 833
0 0
0 0
0 0
0 0
0 0
0 0
391 0
48 0
609 424
881 0
421 0
0 0
0 0
0 0
539 0
559 298
0 0
0 0
0 0
0 0
0 0
359 0
160 720
0 0
514 621
367 869
383 0
0 0
0 0
0 0
0 0
0 0
85 0
363 84
0 0
55 257
267 905
535 0
0 0
469 0
432 136
0 0
173 187
0 0
0 0
0 0
0 0
511 0
43 939
441 591
0 0
0 0
570 843
0 0
67 615
295 0
0 0
964 410
445 636
373 687
446 0
93 32
248 76
0 0
452 0
923 743
69 0
0 0
886 859
59 0
811 0
279 0
999 0
0 0
750 0
57 0
737 290
523 0
607 684
376 0
996 0
13 0
320 506
975 508
133 0
0 0
509 0
0 0
333 0
0 0
0 0
10 116
651 277
189 0
0 0
984 0
0 0
580 352
0 0
780 459
548 0
0 0
0 0
0 0
654 0
724 0
0 0
220 0
0 0
382 346
757 0
0 0
0 0
164 0
891 0
302 323
673 501
0 0
0 0
52 0
195 0
815 182
0 0
906 704
0 0
0 0
299 0
63 0
676 696
854 0
199 0
700 582
454 365
222 0
82 0
612 801
0 0
993 954
795 0
979 887
0 0
834 0
18 335
627 0
438 0
0 0
767 913
137 254
0 0
562 213
0 0
832 0
846 542
560 0
0 0
656 0
611 0
0 0
583 0
0 0
415 58
602 578
845 0
794 0
937 601
868 0
262 776
0 0
0 0
479 175
0 0
0 0
969 291
0 0
566 303
0 0
0 0
0 0
827 796
875 0
0 0
216 0
531 0
0 0
0 0
288 380
21 0
0 0
0 0
0 0
0 0
0 0
943 538
219 0
374 0
338 310
0 0
289 852
755 0
934 0
318 0
0 0
0 0
0 0
844 899
884 0
92 203
644 0
806 0
9 0
0 0
24 0
0 0
401 499
900 0
0 0
649 623
348 0
487 890
931 924
0 0
411 0
131 37
224 686
0 0
0 0
0 0
901 0
425 986
0 0
0 0
0 0
889 614
950 0
184 787
0 0
458 0
710 271
36 0
0 0
0 0
270 867
19 914
4 0
0 0
0 0
396 311
761 0
0 0
862 285
287 0
0 0
144 0
273 883
783 404
0 0
575 857
0 0
269 0
637 0
361 579
0 0
356 170
669 0
345 74
956 0
0 0
0 0
229 527
309 997
408 910
0 0
268 0
99 169
0 0
466 468
0 0
0 0
0 0
358 772
995 0
41 0
183 705
86 329
0 0
68 0
341 233
653 0
712 179
0 0
589 486
746 0
955 439
312 0
537 716
100 813
574 0
315 730
835 0
0 0
264 805
853 0
364 0
650 0
556 532
0 0
171 0
392 563
306 0
79 0
836 402
205 0
0 0
427 0
850 618
965 158
0 0
377 60
634 395
0 0
0 0
381 282
545 792
22 0
677 90
304 558
626 440
236 0
0 0
477 722
547 0
0 0
0 0
571 0
953 603
230 930
423 8
662 132
0 0
604 0
0 0
232 0
678 75
0 0
989 762
0 0
0 0
998 633
646 0
0 0
697 124
366 12
628 907
186 0
588 0
351 286
826 0
0 0
839 0
0 0
0 0
598 0
276 0
294 0
758 119
919 959
643 0
882 561
888 567
147 0
141 0
188 742
0 0
968 925
851 0
252 572
349 0
0 0
665 526
782 194
384 734
34 0
694 0
970 713
0 0