10000 2359
8187 0
5100 0
0 0
4710 7221
0 0
1750 0
6402 0
385 0
0 0
1796 0
2533 0
0 0
0 0
0 0
7453 0
2123 5981
0 0
2373 0
4241 0
0 0
0 0
0 0
0 0
0 0
3991 6896
7667 5840
0 0
4978 3836
8546 4447
9380 1053
0 0
781 4624
0 0
3397 3078
0 0
3932 2989
4393 0
0 0
0 0
6673 0
5232 0
0 0
7160 0
0 0
0 0
1060 7100
0 0
5401 5990
0 0
6485 0
6534 1817
3598 694
7937 0
0 0
6312 0
3920 0
1920 1875
4688 7872
6986 0
0 0
9468 0
1742 0
9173 0
7198 0
7226 0
8469 0
9296 0
0 0
7055 4401
6306 0
0 0
9241 0
0 0
0 0
0 0
2923 0
0 0
1248 0
6368 0
5277 3027
0 0
6447 0
8130 8826
885 0
3691 0
7559 5092
442 9894
7104 2014
7835 8776
635 5374
7312 0
9983 0
6011 5635
6035 9879
6739 3354
8411 0
7384 0
0 0
2248 9767
6386 7688
0 0
6166 6989
6925 5599
3639 7994
0 0
5554 2541
872 0
0 0
3440 0
3011 6502
6189 0
7447 0
3421 7218
5836 0
7386 2234
0 0
3243 0
2153 0
0 0
3392 1505
9130 1873
5062 4370
4363 0
2917 7757
0 0
0 0
0 0
0 0
0 0
8944 0
0 0
3848 2555
1744 8856
8612 0
1287 366
831 5053
8260 0
0 0
6661 4863
8234 33
85 0
0 0
910 0
6853 0
0 0
8153 0
4679 0
5424 8870
0 0
4243 0
9457 7655
8178 0
0 0
6929 452
0 0
0 0
0 0
9356 601
6298 9226
0 0
6417 0
0 0
0 0
5784 0
5446 2378
3156 7641
0 0
0 0
0 0
5297 6629
1364 0
0 0
0 0
6134 0
5526 0
6738 923
0 0
7894 8274
8950 0
0 0
7170 0
4982 0
0 0
0 0
8250 2999
642 5380
0 0
0 0
2109 4144
6080 0
5625 0
0 0
9015 0
6607 7568
0 0
0 0
0 0
7134 5043
7607 8594
0 0
2093 9939
6216 9285
5702 8574
138 0
806 0
8330 0
0 0
0 0
6263 0
6549 3627
0 0
2099 0
4889 0
4248 0
1932 0
8623 0
252 8642
0 0
480 0
0 0
0 0
0 0
4627 0
6736 0
6365 0
0 0
6648 2300
0 0
4228 8022
2289 0
4061 6256
3626 0
0 0
1670 7756
0 0
2078 0
8724 0
5147 0
0 0
0 0
3503 0
9465 2519
6719 0
0 0
0 0
0 0
1675 0
5143 0
2160 0
9217 6028
4281 5868
9735 1130
0 0
4815 0
2375 0
126 0
1101 0
80 7974
247 0
6951 3731
3349 0
0 0
6144 3955
2295 0
1186 1565
7976 0
0 0
8533 2748
0 0
6126 2549
8489 0
0 0
0 0
0 0
0 0
1257 0
1860 0
819 2076
0 0
0 0
0 0
6041 4617
4311 0
0 0
6499 2882
3492 7941
0 0
0 0
2559 2372
0 0
0 0
0 0
2136 0
3177 0
0 0
3334 4890
7704 8382
0 0
0 0
0 0
8661 2117
8420 0
1652 2077
3860 0
0 0
3086 0
8311 0
6338 7892
0 0
0 0
4063 2112
4970 0
0 0
3045 0
876 3612
4180 0
3698 8168
0 0
2804 1902
1765 4614
0 0
9340 8396
4252 6333
2887 0
0 0
0 0
1152 2382
7413 0
0 0
936 8230
6482 8158
1792 7252
67 1468
8626 7492
0 0
8418 9555
3456 0
5179 6542
726 2563
0 0
4887 1192
0 0
6541 0
0 0
1977 7899
2073 3407
5158 8762
0 0
0 0
9268 1022
8576 7870
1109 1348
7560 798
7708 5691
5476 5131
9976 118
0 0
4152 9749
0 0
908 3401
3763 0
6459 8083
0 0
0 0
8105 9242
1907 5765
2670 0
3435 8342
0 0
2503 360
0 0
0 0
0 0
8041 0
6214 7416
0 0
4169 0
4672 2065
0 0
4584 0
0 0
8878 0
5766 5379
40 0
2441 0
2881 3894
0 0
2358 0
6901 0
0 0
4882 0
8457 8015
2035 5467
9166 0
6563 6536
0 0
4992 7173
0 0
0 0
4833 0
8836 2806
3547 0
0 0
8698 0
4899 0
6050 0
0 0
2725 1395
5503 4741
0 0
2970 0
1704 0
2287 3739
6460 0
7693 208
0 0
0 0
7172 0
465 3640
6121 0
0 0
7383 1470
1217 0
3209 4276
2952 9346
4174 0
613 0
6642 0
0 0
956 5157
9096 3618
0 0
0 0
0 0
3678 0
6699 0
0 0
3611 6932
0 0
9686 0
7248 9188
3776 102
0 0
9712 7022
1599 8879
5200 3292
5097 1284
5825 4753
6375 5244
9500 1999
3235 8539
8027 0
3403 7647
6484 3478
1014 9909
5398 7151
8307 77
0 0
5560 6483
6445 2455
0 0
4662 5870
0 0
7244 7545
0 0
1797 9913
7804 513
4527 2277
7851 7116
2138 9207
0 0
6869 0
0 0
4681 0
0 0
7978 5739
3524 0
0 0
5902 0
323 2157
9921 0
2995 0
2006 660
9110 0
1283 0
8748 0
9796 5254
5208 2676
3857 3573
0 0
0 0
3350 6927
7290 1772
4888 1204
0 0
9482 3004
6425 0
0 0
0 0
0 0
0 0
0 0
8515 0
0 0
0 0
0 0
0 0
2304 6340
1385 7738
8795 0
4246 6693
0 0
0 0
0 0
0 0
0 0
0 0
445 5634
5008 0
0 0
9702 1498
2790 0
0 0
0 0
9720 0
0 0
2111 5264
0 0
7256 1983
0 0
8988 0
2798 0
8209 8247
0 0
0 0
2524 4837
4534 0
86 8677
8806 7156
3299 0
0 0
90 9147
0 0
0 0
0 0
0 0
0 0
0 0
9952 2760
4489 8548
5011 1500
0 0
0 0
1139 7962
5291 1042
0 0
0 0
3919 0
4443 0
7670 0
0 0
592 0
5336 0
7300 6291
2217 9441
0 0
4936 0
8559 0
7975 3832
6005 0
0 0
4126 1004
8581 6239
377 2572
8625 0
0 0
0 0
9089 0
0 0
0 0
0 0
6325 8747
3253 0
0 0
2708 6553
5404 0
5073 0
679 0
5654 6847
0 0
0 0
0 0
6948 0
5664 0
0 0
0 0
0 0
6000 0
0 0
3017 7184
0 0
0 0
0 0
0 0
3312 0
0 0
2003 2808
2737 0
0 0
35 9195
5030 0
0 0
0 0
9116 0
893 4457
0 0
5897 0
2907 4483
0 0
0 0
6821 0
4790 6213
6916 0
7295 6845
0 0
0 0
1171 7863
1886 1667
6388 7155
0 0
0 0
0 0
2074 1183
0 0
8345 0
316 685
5754 0
8700 6326
966 0
1293 0
8902 0
7476 0
7628 0
782 745
579 4267
4125 2991
6524 0
0 0
0 0
8157 5746
4997 8464
5734 8824
633 0
3376 0
100 0
3718 0
0 0
0 0
1868 0
0 0
7821 9266
2197 0
1830 105
0 0
4826 5760
7102 0
2892 0
6660 0
3382 0
8162 6115
9467 4777
2414 0
2969 4421
7336 6921
0 0
1833 3495
0 0
3782 0
1092 5672
2150 3798
0 0
546 0
8507 681
8793 0
6092 9437
1714 0
1549 0
0 0
4722 0
9165 3577
0 0
91 1309
0 0
9867 7111
9115 9039
2488 0
7955 0
4116 674
0 0
6539 1166
1286 0
1548 0
1613 0
0 0
2829 7204
1534 5330
0 0
0 0
5231 9204
0 0
8529 0
2721 0
8526 9230
8338 1091
2059 0
0 0
5246 0
3344 0
7489 0
8109 2726
2761 0
1794 1472
0 0
0 0
3614 0
7692 0
0 0
5230 0
3428 0
0 0
0 0
1683 2826
2192 0
0 0
6561 0
808 6949
3453 0
0 0
4923 0
0 0
4800 0
8725 9276
0 0
5570 0
0 0
0 0
3568 6877
0 0
0 0
0 0
4557 6293
5233 7496
6654 0
2301 0
4060 0
4198 0
7815 0
4913 0
4350 6974
0 0
2364 6716
2936 0
0 0
0 0
870 4453
2898 0
0 0
5076 0
9729 4423
9118 3014
7101 5430
5163 461
0 0
0 0
0 0
0 0
4827 0
0 0
0 0
2847 9706
7934 5382
2576 8688
2456 0
0 0
532 0
1422 5045
6021 0
4072 3765
9471 5762
7917 2582
0 0
0 0
6060 7519
1769 5135
0 0
404 0
1019 0
8629 0
7165 0
4051 9961
0 0
0 0
8320 3999
0 0
0 0
4765 0
1649 4565
306 0
0 0
0 0
8055 7056
2625 0
285 0
9872 6597
0 0
2723 0
7010 0
106 5223
2354 0
6446 0
2695 0
16 0
1073 0
5867 8479
8809 9407
5285 6996
0 0
0 0
9369 0
5573 0
4654 800
1764 0
1733 0
0 0
1233 1979
9589 0
0 0
0 0
0 0
83 6003
3942 5465
0 0
3159 5838
0 0
8357 6569
1251 6917
4211 0
405 9139
7537 0
9814 0
0 0
3024 0
395 365
0 0
0 0
8147 9606
9401 0
914 9287
6922 0
2638 0
8838 9399
5007 2384
1743 6712
231 0
4816 0
2809 9959
4302 0
0 0
0 0
6133 0
2889 0
6994 4665
0 0
2411 0
8204 0
0 0
0 0
648 0
581 0
6538 6323
0 0
7843 9532
4694 0
4065 6954
0 0
0 0
6026 569
7825 8803
0 0
6245 31
3459 0
7302 0
9871 5328
0 0
0 0
0 0
3897 0
0 0
81 6
4935 0
900 8749
9587 8354
2396 120
3958 0
7423 3180
0 0
0 0
7847 6858
2010 0
5427 0
0 0
3697 1114
0 0
568 990
9332 0
2397 9367
8582 8186
0 0
7050 0
0 0
4177 0
9319 8122
4088 0
6681 9717
5731 8216
9232 0
4631 3286
9236 1826
7406 0
8166 8438
6743 0
9787 0
2009 2
5724 9830
0 0
7308 0
2201 2370
8593 0
1145 8532
0 0
4141 5893
0 0
0 0
0 0
1514 2002
2694 717
0 0
0 0
0 0
0 0
984 0
162 9326
4758 1646
2376 6409
0 0
6914 1441
0 0
0 0
6793 478
9509 0
0 0
2746 0
2836 0
0 0
9988 0
2943 4071
4035 9265
0 0
5695 2102
0 0
4359 0
4932 0
7981 0
3049 7303
0 0
7196 5890
9489 9324
0 0
1054 0
0 0
7926 5771
0 0
341 1625
3806 0
8295 0
6783 0
390 0
8822 0
5078 6258
0 0
0 0
0 0
3402 0
0 0
0 0
0 0
1268 0
0 0
6965 5488
9032 3726
7004 0
6875 696
8805 0
5686 2573
387 4670
5537 7852
3455 0
1299 4768
0 0
6201 0
0 0
2492 0
0 0
683 0
3079 0
5553 0
0 0
7535 6073
3599 5235
4069 0
0 0
3630 2540
6057 4412
0 0
1342 0
4725 9353
3779 3135
0 0
9915 0
7627 0
5270 0
8536 5841
8617 3316
0 0
9949 131
6854 0
6442 0
6182 0
2220 1584
115 4225
6383 167
0 0
8019 0
0 0
8271 6183
0 0
8286 0
4080 0
2242 0
609 0
0 0
7278 0
2743 7154
8223 0
2369 4554
6318 8060
1261 0
8789 0
9012 0
2578 3038
5238 8064
0 0
0 0
3417 0
6616 4735
5189 8903
841 7127
9196 0
0 0
7437 5693
37 8449
1056 0
0 0
9985 0
4736 0
0 0
0 0
4772 0
0 0
9761 0
7486 2788
2622 3425
5470 6156
0 0
2731 0
114 8552
6419 0
1524 0
5972 0
1869 3682
9320 0
1756 0
6700 0
8428 389
0 0
9996 3709
5213 0
8810 0
9099 0
6600 0
9551 0
0 0
4807 971
0 0
585 9091
9098 9097
0 0
353 6884
0 0
0 0
0 0
488 7328
2377 425
6327 9916
0 0
2034 9244
4271 0
6578 991
2343 6915
0 0
5658 198
6374 8609
3922 3518
9127 8939
0 0
0 0
0 0
6321 5350
8782 5219
6398 0
0 0
9288 3271
9644 3190
0 0
5527 9306
3755 0
7250 9811
8558 0
1709 1181
0 0
5922 0
0 0
4767 0
8935 0
0 0
6209 121
0 0
0 0
0 0
0 0
0 0
7491 1399
0 0
9564 0
0 0
0 0
0 0
0 0
3872 8032
8605 1354
587 0
0 0
3679 0
0 0
0 0
0 0
0 0
9789 0
0 0
3712 0
8648 6641
5596 5776
6164 3647
0 0
7801 7731
0 0
0 0
6689 0
6124 4183
0 0
0 0
5745 9550
0 0
2637 0
0 0
113 9140
0 0
1681 0
9790 8881
8530 0
5001 652
0 0
0 0
4809 0
0 0
9994 0
0 0
0 0
0 0
0 0
7238 2303
0 0
6403 675
0 0
8282 0
4179 0
615 0
0 0
0 0
2927 6895
9363 0
5256 0
8381 0
0 0
1263 7631
0 0
0 0
9682 0
0 0
3224 3831
0 0
6788 3800
2146 1693
4182 3113
0 0
8498 6316
0 0
0 0
7589 2823
3196 8455
8038 7817
5070 0
1327 0
8864 4853
0 0
1047 0
699 0
4577 4408
6615 5026
0 0
7712 0
2283 0
0 0
0 0
0 0
5458 0
3057 9033
9878 9271
8517 0
7049 6295
8414 1095
0 0
1131 0
5447 0
0 0
1169 7684
5342 0
4299 2703
0 0
7665 0
2908 0
0 0
7133 8541
7235 0
0 0
0 0
1642 3844
5525 9515
7939 0
9650 9063
1413 2811
0 0
8062 0
6728 9732
0 0
898 0
7940 9601
6882 6870
1249 0
7070 0
0 0
0 0
0 0
0 0
9946 0
882 0
3769 384
0 0
0 0
0 0
2643 320
7763 3193
8990 0
2529 0
5472 9727
0 0
6764 0
6141 0
2776 9696
0 0
3046 9064
4642 0
0 0
0 0
0 0
0 0
0 0
0 0
5065 4639
0 0
5361 0
3735 3160
7195 7553
7484 0
1272 0
1456 3092
9172 0
746 4769
5764 0
5555 0
0 0
0 0
1444 4397
1657 2755
7611 0
7906 3817
4728 7207
214 0
4619 0
2328 1123
6149 9298
1848 3929
8021 7842
7381 0
7902 6727
0 0
0 0
5109 4597
0 0
0 0
0 0
5310 0
8067 0
8461 0
9923 1106
9156 6980
5423 0
8445 7179
0 0
7408 7792
4074 932
290 0
7052 0
947 0
2914 44
6408 0
4660 0
3187 0
6623 0
1620 0
0 0
7610 0
0 0
0 0
0 0
1445 6812
8577 518
9852 0
4377 7197
8753 1176
0 0
6687 1356
0 0
2018 4479
3125 0
9750 0
2216 9283
6893 5397
2181 221
2850 0
6782 2084
0 0
4426 4551
0 0
5024 2522
4354 8834
1066 1884
7193 0
7084 0
6290 0
0 0
0 0
0 0
917 0
0 0
0 0
403 8317
6601 0
0 0
0 0
0 0
0 0
0 0
5009 0
0 0
0 0
0 0
8943 0
8159 1034
0 0
6473 4506
9030 0
0 0
8082 1235
1219 7206
1605 7664
2994 3317
0 0
5609 6002
307 0
0 0
7063 0
9019 684
0 0
0 0
7000 0
6867 3479
0 0
0 0
0 0
2714 8891
0 0
6722 0
0 0
0 0
0 0
7470 0
6283 0
4822 0
0 0
0 0
7791 5319
0 0
1138 0
0 0
676 5942
0 0
0 0
7283 3128
0 0
6579 0
0 0
7441 0
0 0
0 0
4425 6308
2439 6265
0 0
3707 0
1788 1950
1664 6795
2581 0
4042 6247
0 0
0 0
2011 3610
6979 0
3256 0
6282 0
0 0
0 0
5818 0
548 0
3245 0
6163 362
0 0
7534 4748
0 0
0 0
0 0
2082 6093
6099 0
0 0
0 0
2426 5803
0 0
6491 0
5821 1425
5886 0
27 0
0 0
5955 0
5786 6531
8934 0
0 0
3946 0
4250 5357
0 0
2508 0
0 0
2509 6468
8980 0
4043 9138
5012 0
3296 4284
0 0
5602 5434
3252 4138
6206 0
9456 0
9386 7370
1205 7424
0 0
4153 0
0 0
0 0
0 0
276 0
5799 5835
0 0
0 0
4082 0
6233 0
0 0
5619 0
9076 9262
2506 0
1403 0
4229 1823
0 0
0 0
3163 3
4261 3840
8258 9300
4339 0
1094 0
0 0
0 0
3643 0
995 0
7005 5460
141 0
0 0
0 0
0 0
4682 0
9420 0
6071 7158
0 0
0 0
1250 8827
3364 2315
5214 4747
707 0
8179 38
0 0
0 0
2142 8358
0 0
4544 2464
4550 0
6469 0
5505 0
2647 0
0 0
2992 7119
0 0
1447 0
1311 5142
4818 0
0 0
5532 0
7280 0
0 0
0 0
1173 2511
4324 0
0 0
8697 5323
2294 3600
9831 5125
1576 6766
1996 0
967 0
0 0
0 0
0 0
7839 7253
0 0
920 0
0 0
0 0
3645 0
7298 1836
0 0
0 0
5649 0
9006 4987
0 0
9175 9216
0 0
1260 0
0 0
6596 9085
0 0
0 0
3863 6504
9998 5039
0 0
9929 0
9721 0
0 0
0 0
0 0
6432 0
0 0
0 0
4066 8063
0 0
5433 4218
7014 2750
0 0
8384 1061
4632 0
36 3564
0 0
1310 0
2031 2968
7951 6197
6730 3918
5253 6692
3279 1775
0 0
0 0
7555 5116
0 0
8478 0
4093 8557
7480 0
5049 0
8640 0
9052 8833
3093 0
6881 9228
0 0
1165 0
5444 1496
6958 0
4636 2697
0 0
6454 2413
6708 0
8602 6828
5572 0
0 0
8087 7638
7412 0
2701 0
0 0
2497 0
2505 8112
0 0
2268 2980
0 0
0 0
0 0
4298 8332
68 2231
6031 0
3165 9119
3393 0
0 0
0 0
0 0
960 0
3072 7075
1378 9293
2874 9426
0 0
2941 9972
1635 2351
0 0
868 0
604 0
3016 6106
0 0
2409 0
0 0
0 0
2632 3074
1688 0
209 0
1369 3207
9709 7415
6769 8960
2846 0
101 0
6926 9376
5673 0
2650 0
7095 5848
9991 7809
0 0
6113 9639
0 0
0 0
0 0
8078 0
2636 5999
9047 5139
0 0
315 0
0 0
0 0
1647 0
2738 8393
6968 0
0 0
0 0
505 0
4504 0
8191 0
7375 580
5631 4044
0 0
7569 9325
3427 0
9900 0
6498 0
0 0
0 0
0 0
0 0
3118 7320
0 0
9146 0
0 0
0 0
0 0
0 0
0 0
3423 0
1404 2857
0 0
0 0
1212 4137
2565 0
3507 0
3968 0
1913 8239
5721 7785
0 0
4124 5071
0 0
8419 0
9176 1059
3852 4007
281 0
0 0
7964 5791
0 0
855 0
8666 0
2597 2166
7583 1571
6645 0
1891 4543
1232 0
0 0
2186 0
4905 4535
7023 0
0 0
988 0
0 0
7727 0
2154 4862
6347 7319
4191 0
0 0
1461 8156
0 0
4463 0
4578 6101
7637 5727
4778 2716
4877 818
9566 0
4172 0
1862 9693
8927 7425
2398 9691
2400 0
3080 1934
9476 3336
0 0
63 0
2860 566
6952 8427
9237 0
6272 0
0 0
7085 0
0 0
4342 0
4531 0
0 0
0 0
0 0
1856 0
0 0
0 0
7249 0
0 0
1052 9105
4779 2585
2463 7924
2225 9634
0 0
0 0
0 0
0 0
0 0
0 0
9183 0
3171 0
9950 0
7571 0
0 0
0 0
4568 0
0 0
4381 0
0 0
547 1459
4832 1203
1502 0
7088 6723
3056 0
4245 8942
3451 725
3655 0
4283 0
0 0
0 0
3480 3654
0 0
5418 60
9648 0
0 0
0 0
8081 2598
9496 4881
0 0
8839 6289
0 0
4112 0
6879 0
2037 3020
1589 1692
0 0
7896 0
0 0
0 0
0 0
8248 0
0 0
5010 7263
5512 1285
0 0
9695 7724
0 0
0 0
9548 2749
6443 0
0 0
0 0
9294 1252
1271 0
9290 6025
0 0
9824 3893
2311 0
4944 0
8095 0
0 0
8522 0
6221 0
5514 3723
0 0
7130 0
0 0
9896 4418
6496 0
4264 0
41 0
9890 2348
0 0
4674 245
1501 2600
4732 0
8598 8151
630 2219
5644 4154
3388 0
1650 0
3668 1699
9199 3849
1159 0
82 1308
9393 0
2276 4041
4893 0
8671 0
7721 0
4293 1428
9359 672
4616 0
4149 0
8136 136
9619 1326
834 0
0 0
9880 5258
9739 2100
2066 8200
1674 0
1737 3997
3705 0
509 0
691 0
0 0
2646 0
7364 8718
8624 5188
7229 667
531 5700
0 0
0 0
3788 0
2832 0
0 0
0 0
4819 0
0 0
3537 7687
0 0
3625 0
3688 0
3267 0
9434 7573
314 7080
3657 522
8712 9667
0 0
839 368
4564 1997
0 0
992 0
0 0
5997 8898
8051 578
888 8931
2880 0
0 0
0 0
7963 438
2837 0
7891 0
7632 5305
3331 0
0 0
0 0
8875 5891
4717 7315
6924 1355
2420 0
206 3002
0 0
5743 0
4638 9719
9785 5133
7468 1143
0 0
6947 9163
7131 7270
0 0
7590 3527
0 0
5608 0
0 0
8730 0
0 0
0 0
6299 969
0 0
0 0
0 0
0 0
4854 5522
0 0
0 0
0 0
9056 9668
7013 9630
0 0
3925 0
3891 0
47 0
4496 0
9155 6975
9816 8757
0 0
0 0
2366 619
4600 0
4139 0
8772 4878
1780 0
0 0
0 0
4118 2972
179 8794
6324 0
0 0
1227 1063
0 0
8560 0
772 0
0 0
4057 9524
6414 3867
8133 6075
386 4115
3585 8734
0 0
3484 0
0 0
3621 2461
2577 7650
8858 2813
2538 0
0 0
0 0
6259 8031
9680 0
6770 7735
4730 0
0 0
325 9534
0 0
4700 9934
0 0
9810 0
1417 0
1867 0
0 0
5496 6805
0 0
2668 9431
0 0
4159 0
0 0
7177 1329
5866 2098
2484 0
0 0
3635 0
7921 0
1658 0
0 0
9850 3882
0 0
5104 0
6750 3700
7810 0
0 0
7352 6357
2507 0
9873 2237
1277 7026
7031 464
2408 0
270 6171
1908 0
0 0
233 0
0 0
9010 3273
2840 5113
0 0
7245 8523
0 0
9025 0
0 0
0 0
3810 0
0 0
6997 7371
2868 4796
5628 8784
0 0
0 0
0 0
0 0
0 0
0 0
0 0
4157 9823
7831 0
0 0
0 0
9911 0
0 0
277 3556
0 0
1803 0
4804 213
2235 9627
3043 0
0 0
8650 0
137 0
5298 7150
8987 4803
7744 0
0 0
0 0
0 0
0 0
858 3908
0 0
0 0
9002 0
1978 1345
7671 5924
1140 0
0 0
4918 0
253 0
0 0
9368 0
1069 0
3594 9179
0 0
3969 0
0 0
3877 8802
5833 0
4587 0
8912 1440
0 0
0 0
0 0
5278 1545
6830 0
0 0
0 0
0 0
0 0
0 0
3672 0
768 0
0 0
4582 0
0 0
8723 0
9506 3761
0 0
8164 8155
4348 0
1082 0
4355 3875
1358 8583
0 0
0 0
7728 0
5037 6556
0 0
7740 0
1879 1638
0 0
7505 3729
4585 0
2844 5613
0 0
9864 0
0 0
9103 3404
0 0
7827 1894
0 0
0 0
3821 0
8989 0
1211 0
7309 0
0 0
1530 1814
6426 8175
3239 0
3103 0
3214 0
7869 0
2341 554
6992 0
1587 0
0 0
0 0
8467 0
2712 9451
1606 0
0 0
0 0
6604 993
4028 9055
1671 7644
7176 0
0 0
777 6659
5895 0
0 0
4095 9938
7802 2265
1411 0
0 0
0 0
0 0
2083 0
6016 0
7790 9989
1954 0
6614 5689
2949 0
7855 7368
9905 0
4518 1731
0 0
3648 0
571 0
2325 7878
0 0
0 0
2938 3148
5354 8444
443 6848
0 0
6435 7910
0 0
5820 1859
8287 0
0 0
0 0
0 0
6250 8835
1955 0
1460 1654
1426 0
7082 4477
7719 3405
2013 9614
7433 8635
3270 0
0 0
0 0
0 0
0 0
6385 0
4304 0
1360 3829
1981 5209
510 0
705 7794
0 0
0 0
2504 0
4693 0
2838 0
4579 0
9479 293
5359 0
7916 0
4232 0
1892 5292
7635 6313
6300 5471
4711 8404
5129 4290
0 0
1546 4880
6014 0
659 3035
7797 0
0 0
3474 918
2528 0
3361 2939
9003 6622
0 0
0 0
0 0
2693 8397
0 0
0 0
4799 5567
0 0
0 0
0 0
0 0
0 0
0 0
1828 0
248 2221
5934 0
5805 0
0 0
9659 0
0 0
8840 3970
0 0
1363 7281
5565 0
0 0
0 0
6122 0
0 0
0 0
4602 8254
0 0
0 0
0 0
0 0
6451 2667
9531 0
9397 0
0 0
7614 3722
8521 4629
6707 5358
0 0
9341 3799
3324 5748
0 0
0 0
3204 0
3259 0
6317 6128
0 0
1666 0
9777 0
4576 0
5228 9415
3570 5773
5141 0
0 0
4148 6307
2783 4127
2657 0
7241 6334
9910 0
6894 3391
5055 0
9037 0
6672 0
6094 2053
3258 0
3488 1184
0 0
1007 0
4784 301
5915 0
4637 664
4280 2782
9024 9962
3234 677
7126 3023
0 0
4445 9410
1624 7035
801 0
0 0
1031 0
0 0
2973 0
2022 0
6355 7528
0 0
1564 5059
0 0
6203 0
7925 0
3520 0
6453 0
7168 0
1720 6683
2834 0
1810 1703
0 0
0 0
4368 1712
411 4023
8314 0
8828 0
611 0
2033 0
9267 0
2115 3131
6880 0
911 0
702 6001
5952 5670
5621 0
6742 0
4315 2673
9813 0
4289 0
7584 0
823 3683
4006 6755
0 0
2819 0
6814 5284
0 0
455 0
9449 3293
4332 1927
5675 8948
7620 0
7136 1542
0 0
2722 0
1890 0
0 0
6572 0
542 224
0 0
5252 0
0 0
4473 5853
3584 5814
3223 2654
0 0
0 0
0 0
7669 2203
0 0
4085 4004
8952 4985
0 0
2207 0
0 0
0 0
1103 0
3550 7069
0 0
9504 5544
1679 9763
7565 9167
4398 0
899 1288
8061 0
2118 0
9238 5035
9953 7709
5205 3095
5876 9563
0 0
649 9161
0 0
0 0
0 0
0 0
3008 0
0 0
7039 4828
552 0
7107 0
551 9593
0 0
2418 0
3663 0
1747 1477
4254 7859
4698 0
0 0
5201 1558
2978 0
6565 0
6137 0
0 0
0 0
775 0
0 0
3352 9835
2306 0
0 0
4308 0
0 0
0 0
0 0
3070 0
0 0
0 0
0 0
8573 0
2493 1028
0 0
0 0
0 0
0 0
728 0
3754 4583
4647 2141
3121 0
0 0
0 0
0 0
0 0
5391 0
2705 0
0 0
0 0
0 0
0 0
0 0
4926 0
0 0
7621 0
3481 0
294 6521
0 0
0 0
9231 0
1435 9718
0 0
8084 0
0 0
0 0
0 0
727 0
595 0
9681 7064
0 0
843 5706
4842 3783
2704 0
3099 0
733 0
6815 0
0 0
1585 3650
7605 0
8843 6507
0 0
0 0
7702 6519
4170 0
2164 8454
0 0
3926 4776
2241 5510
2925 2331
8905 0
0 0
0 0
6458 4739
7452 6813
0 0
0 0
9596 1939
5650 3462
4442 9113
666 7890
0 0
0 0
0 0
0 0
264 4830
3738 0
2279 0
8543 157
1911 0
0 0
0 0
3327 9174
9136 0
0 0
9622 0
6529 3634
6136 0
0 0
2270 0
0 0
265 626
2130 3457
931 6039
1993 0
9485 2258
6662 0
9674 2789
254 0
4114 4320
3824 5400
0 0
0 0
4365 6449
5883 0
8932 0
0 0
7677 0
7936 0
1340 0
3979 0
2253 3091
856 3685
1215 9610
6581 0
8998 5202
0 0
1956 0
1098 574
6434 5587
0 0
716 3505
0 0
5118 444
8346 9779
9304 0
0 0
6508 4386
4846 0
0 0
1991 0
6043 0
791 573
3105 9516
5250 0
0 0
426 0
894 241
1225 0
0 0
3390 2894
0 0
6816 0
3482 0
5295 6570
0 0
0 0
0 0
3914 0
7543 3695
5498 5413
6131 2604
0 0
3362 9059
0 0
1579 4812
7997 0
9570 4618
4485 5856
9014 0
0 0
3939 0
7497 5137
4545 0
721 3743
8198 1968
0 0
1651 2696
1909 2266
0 0
0 0
0 0
7493 1199
3346 0
0 0
3730 0
0 0
6129 7557
0 0
0 0
6685 0
6682 0
742 7668
5378 7299
0 0
0 0
4516 0
104 8251
4921 0
7003 3804
2525 0
7332 3819
3981 0
0 0
0 0
0 0
3633 8110
0 0
9225 8341
0 0
428 9560
5134 5237
6172 0
0 0
0 0
2795 9158
4387 4451
0 0
0 0
0 0
4856 5965
0 0
0 0
0 0
5729 0
0 0
5601 8906
3903 4123
7175 9134
0 0
6970 0
1910 6523
5561 0
7411 3059
5912 0
0 0
6778 2491
8922 0
6784 6557
1604 9357
0 0
230 9839
0 0
3318 0
7045 0
0 0
2594 8716
1020 4955
0 0
5614 9908
5338 3076
0 0
0 0
8928 8220
6574 0
0 0
2368 7036
3702 7215
0 0
4847 2653
0 0
0 0
8117 4345
9054 6266
4801 7092
0 0
6037 0
4292 8544
7129 0
0 0
0 0
5440 0
5863 0
4834 9731
3025 0
0 0
0 0
2550 0
0 0
1128 8792
8355 5877
749 0
3557 2685
2590 7422
4569 5274
1247 4994
0 0
2833 0
1478 0
0 0
0 0
0 0
4431 7525
1492 1077
871 8128
0 0
5536 0
0 0
603 0
0 0
5339 0
9705 7786
9413 2050
7795 0
0 0
2108 468
2202 215
9190 0
2757 8244
0 0
913 5862
0 0
0 0
9209 0
2699 381
8424 1296
8429 9559
4226 3833
0 0
6450 0
0 0
0 0
1289 9553
3384 0
0 0
1785 2867
5105 3040
4098 9274
5732 0
0 0
0 0
0 0
0 0
302 0
0 0
5579 0
9822 0
7609 7979
4156 6953
0 0
7178 0
921 9034
5169 0
5808 0
2935 0
0 0
0 0
8904 622
0 0
8877 6907
797 0
0 0
0 0
0 0
0 0
0 0
952 0
1648 7782
0 0
0 0
0 0
4655 0
0 0
0 0
3285 0
8918 6015
5646 0
0 0
9 2720
8534 0
4499 7377
4740 0
8335 0
78 4375
5861 9730
0 0
0 0
0 0
1437 2371
6873 5539
634 4673
5940 6527
9658 7339
1051 0
1305 0
8811 1578
884 0
3534 0
4611 7862
0 0
1463 2064
0 0
0 0
9944 0
4155 0
0 0
4212 0
7057 1368
0 0
0 0
5959 4750
5403 3167
2345 1041
5466 0
0 0
1388 0
1471 0
4136 6111
3673 5442
9945 0
507 0
5154 2645
1134 0
5707 3521
2075 0
2560 3690
864 0
2000 3096
0 0
935 0
2060 0
4249 6174
8702 7768
2812 2617
8069 0
0 0
0 0
4335 5581
0 0
1761 0
3606 1877
42 0
5901 4588
7793 0
4622 0
2143 9791
4760 5110
3720 0
2919 2544
0 0
0 0
1222 8139
1400 0
1831 0
5479 8949
6513 0
1840 1663
1147 7169
0 0
9611 7410
9597 0
0 0
0 0
3217 5757
3444 0
0 0
7120 3998
2954 0
6362 3330
0 0
2262 6785
0 0
0 0
0 0
2979 3077
3487 2911
402 2452
7228 0
8732 5241
926 0
9738 2430
3676 0
1419 0
4508 0
4523 5075
886 0
0 0
0 0
0 0
2046 0
0 0
8115 8585
7086 8310
7436 0
0 0
8895 0
0 0
8071 0
0 0
941 3957
9171 0
8514 331
8535 0
0 0
0 0
4652 0
2611 3184
0 0
0 0
0 0
0 0
0 0
1473 1394
6995 7857
3704 0
3311 0
0 0
9281 0
1573 3106
0 0
7237 9920
0 0
1194 2183
0 0
4868 8774
3843 0
5083 0
4612 6768
298 0
5443 0
9124 0
1377 3134
555 8192
6246 5405
9058 7033
0 0
0 0
2415 9834
1481 0
5243 1863
1483 986
0 0
0 0
0 0
9053 0
0 0
0 0
8994 0
0 0
4366 4928
6637 0
2349 7047
5014 0
0 0
0 0
0 0
0 0
0 0
183 0
8398 5314
3907 2205
8909 795
0 0
7615 631
475 0
0 0
4328 0
4003 0
4253 0
8 8202
1412 5755
4979 5393
0 0
6694 0
9722 0
1570 5347
0 0
9031 0
0 0
5722 6029
1124 0
2912 9957
0 0
0 0
8699 0
7985 737
5847 3032
3760 3862
0 0
7500 6353
2641 3794
9364 0
6834 0
192 0
0 0
0 0
0 0
203 4948
0 0
0 0
8212 0
4077 0
8613 3380
5501 1452
0 0
0 0
658 0
3807 0
0 0
0 0
0 0
4650 4510
169 0
0 0
2839 0
0 0
8104 0
638 5485
4788 3512
6185 0
2651 0
0 0
5128 0
0 0
0 0
8336 0
710 0
9372 0
0 0
7117 732
0 0
4625 0
4091 0
0 0
3711 0
2815 2278
2998 1122
6717 1531
6476 8070
4186 7429
8116 2113
2379 9330
239 0
9291 3208
4664 0
4012 4340
0 0
9621 0
2786 0
0 0
0 0
0 0
0 0
0 0
5995 0
3050 0
7223 0
0 0
211 7944
6804 4634
7653 1566
8278 0
1005 3909
2794 0
0 0
7297 5633
5150 3143
0 0
0 0
0 0
0 0
0 0
3173 262
2403 5377
9832 0
0 0
9151 0
0 0
2021 4505
3222 645
7536 5685
4648 1592
8512 0
0 0
3278 6546
0 0
4663 0
2208 1050
8733 0
5515 0
9801 2877
2870 0
0 0
4950 0
0 0
8253 641
4780 0
374 8570
8161 0
3199 0
0 0
0 0
6957 5260
308 0
1818 0
5623 9279
0 0
833 5115
0 0
0 0
0 0
0 0
2546 2702
0 0
6757 0
796 0
515 0
516 0
0 0
0 0
0 0
5679 8938
5590 0
0 0
0 0
0 0
0 0
0 0
5507 4514
2367 3965
0 0
0 0
8371 4343
0 0
123 4151
1526 5368
0 0
0 0
0 0
0 0
3124 3976
6023 9223
7826 197
5669 12
5591 1216
6897 0
6339 0
1953 6335
2730 8796
2293 3504
5234 0
4190 9256
4509 0
0 0
0 0
4782 0
0 0
0 0
9149 7558
9525 0
0 0
3126 9362
8977 0
7529 3358
0 0
9191 0
8207 5742
5616 8197
322 8709
5517 1509
9657 0
2105 0
8695 0
0 0
6866 3115
0 0
0 0
5457 0
6696 0
0 0
6562 219
1314 3006
0 0
7716 5511
6430 8575
0 0
9128 0
260 4222
0 0
3758 5983
3742 3101
2756 701
8208 0
3773 5837
21 987
2286 0
0 0
0 0
2615 0
2139 0
0 0
1295 4593
0 0
0 0
408 350
632 0
7624 0
3073 0
2344 6710
9389 0
6278 7361
0 0
8376 5448
0 0
7516 0
0 0
6967 6204
4135 6807
1820 511
0 0
5203 4219
1724 356
4434 0
0 0
0 0
9870 3302
0 0
0 0
0 0
3580 4026
5563 6350
0 0
2627 0
4323 9347
2514 0
1889 2779
1591 7194
0 0
0 0
0 0
5407 2745
5376 0
0 0
1971 0
6008 0
744 0
0 0
0 0
3785 0
1698 8224
0 0
1899 8997
0 0
7209 4021
951 0
6773 4058
0 0
2807 9780
0 0
5456 0
8243 2768
0 0
0 0
2261 0
0 0
4942 7998
730 5989
0 0
4729 9472
0 0
0 0
1870 2960
3966 4685
0 0
0 0
0 0
6603 1919
9808 0
0 0
6704 0
0 0
4059 0
0 0
0 0
4805 0
0 0
3792 2361
3558 0
2920 0
2964 0
5790 9982
3938 0
938 0
6740 0
5917 0
1741 7188
0 0
0 0
2121 6146
7481 0
4067 2609
6715 0
5938 5088
1036 392
0 0
5362 4467
3725 6271
3325 0
0 0
7240 6751
6993 8641
2338 0
9070 0
0 0
0 0
6045 6568
0 0
0 0
0 0
4487 0
1070 0
0 0
5294 0
0 0
9948 0
0 0
2648 9202
6525 0
0 0
369 0
1049 0
8119 4052
0 0
4247 1352
5914 7462
7673 7946
3195 576
2423 5949
6678 9800
0 0
0 0
0 0
4459 0
0 0
0 0
2386 0
6399 0
0 0
5923 0
0 0
8057 0
7718 0
9754 6267
4752 0
4594 5410
4713 3497
8400 2516
4701 0
0 0
0 0
0 0
0 0
2489 7819
0 0
0 0
2866 0
333 0
8614 3616
5993 8123
5462 0
0 0
7185 0
7699 4407
6444 0
7427 0
3467 2545
0 0
9263 5318
0 0
0 0
6810 0
671 4120
343 0
4327 9778
639 7247
3268 163
8237 8269
8491 8343
6198 6404
0 0
0 0
4559 5198
7769 3609
8962 593
1753 0
5660 0
7950 0
6701 6297
0 0
3713 0
8678 0
982 4574
7113 0
0 0
9683 0
0 0
0 0
2780 0
0 0
2385 7011
0 0
7037 3514
0 0
7355 471
5183 0
5857 0
0 0
1903 9569
9995 9360
3485 0
3940 9968
0 0
8356 9405
4727 0
6503 0
9020 4901
9517 0
0 0
5463 3870
3827 0
7603 0
0 0
5885 8722
486 944
177 0
9684 0
0 0
4201 0
5662 367
5 0
0 0
2068 0
9443 0
8299 0
0 0
2148 0
0 0
0 0
9481 2043
5180 0
9970 0
6253 5040
5266 0
2485 0
6276 6865
3784 1431
0 0
6231 3355
1298 7889
0 0
6344 7928
9200 0
8407 0
3192 5575
0 0
5324 3631
1334 0
6492 6684
1510 895
6964 0
5159 3306
0 0
2017 0
980 0
6262 0
0 0
836 0
8034 6054
0 0
9040 0
3535 1754
2330 0
512 0
0 0
8085 3436
0 0
9142 3104
560 9932
7860 1819
0 0
9914 441
7374 637
6956 0
719 3410
9497 4851
9036 0
0 0
5322 0
2671 3189
5974 0
0 0
3741 2069
0 0
0 0
2178 2061
9370 0
6013 0
0 0
1149 0
6675 5018
7372 0
4991 54
0 0
0 0
0 0
6237 6797
4048 1851
3400 0
0 0
8764 6787
0 0
3917 0
0 0
0 0
9797 7454
0 0
4734 5406
8052 0
2052 7046
0 0
0 0
0 0
0 0
8804 0
0 0
0 0
7612 0
3607 5806
2271 0
0 0
8448 0
5130 7400
0 0
8550 7990
5093 5607
3751 0
0 0
0 0
0 0
0 0
6630 6474
3320 0
6982 0
4521 5552
6046 8255
429 9425
0 0
0 0
3044 9807
0 0
4161 0
2057 0
9743 0
3249 5666
2410 0
5020 0
5889 7600
0 0
7593 0
6899 3687
0 0
4347 0
2036 400
7449 2552
8279 1267
1734 6664
8739 0
9337 0
9414 1527
6801 8591
0 0
5445 0
3185 3081
1787 0
7909 7630
0 0
0 0
5245 7021
4945 0
5199 0
7730 2213
1519 6315
7764 2724
0 0
7141 8040
0 0
0 0
0 0
3850 0
5595 0
3582 0
7982 0
6067 1439
0 0
1093 0
3087 8894
6261 0
0 0
8886 0
2709 0
6162 0
1373 0
0 0
2869 8006
7932 7533
6863 268
0 0
0 0
4628 0
2156 2296
0 0
5307 4586
5217 0
0 0
0 0
0 0
0 0
2421 5331
319 4537
1684 0
9663 751
0 0
8500 0
9284 4000
6224 1375
7327 0
4099 0
0 0
8945 5944
0 0
0 0
7239 0
0 0
7307 0
0 0
1239 4900
0 0
0 0
2772 3814
0 0
0 0
0 0
5262 0
1799 0
0 0
1490 6098
4538 0
0 0
2758 3366
0 0
4667 8378
3536 3530
0 0
6117 5022
6466 8717
6294 0
8023 3491
5793 5557
0 0
3949 0
8580 5958
4715 7581
4494 0
6595 0
8388 0
0 0
2977 9009
0 0
0 0
5665 8855
3409 0
883 6301
178 8048
0 0
8391 0
1951 7726
3094 8481
9100 8947
0 0
901 4792
4897 7349
8018 0
448 6036
1384 0
6528 0
527 5431
1234 1168
9043 4610
0 0
0 0
0 0
8008 0
4121 0
0 0
6571 0
0 0
8369 0
0 0
0 0
1988 853
5988 0
235 8750
32 0
0 0
0 0
4404 0
3623 4428
3499 2223
0 0
3552 1339
1427 8599
5534 2465
2642 0
0 0
0 0
4969 0
636 1938
0 0
0 0
249 0
8705 0
5947 6487
4560 2090
9137 3394
6004 8124
0 0
3529 2471
2200 0
1414 8323
1351 1167
0 0
6938 1694
0 0
8120 273
5519 0
965 1713
447 1200
6274 7845
7663 0
0 0
8852 0
1783 0
1715 9073
0 0
0 0
0 0
6152 7012
973 4113
8195 3323
8318 5497
0 0
7969 6242
6668 0
2419 0
2564 4999
4181 2781
0 0
359 3375
5651 6346
5980 0
6606 6686
9505 3835
5733 0
0 0
3516 0
2395 0
8226 0
8511 0
0 0
5797 5303
5165 0
4916 0
0 0
0 0
4850 0
5121 0
7392 6345
0 0
8519 6269
4436 204
4894 0
0 0
0 0
0 0
5349 2762
2222 0
7147 0
0 0
0 0
618 0
0 0
0 0
2621 3750
9549 0
1065 0
0 0
0 0
2352 3689
5388 3341
5681 9575
8999 534
147 0
8068 0
1643 2416
0 0
0 0
227 0
977 0
0 0
502 0
4500 76
0 0
7717 0
9632 8741
0 0
2537 3781
3383 5798
0 0
1866 3622
0 0
0 0
0 0
6545 8929
9537 0
0 0
3567 0
0 0
0 0
0 0
4216 682
1871 4488
1916 6861
9314 0
1386 4037
8683 0
200 0
0 0
4014 2871
2041 8249
4802 3298
10000 0
0 0
1068 577
678 0
4898 3947
8627 0
6726 1858
6065 0
223 0
238 0
5882 0
8516 7231
9260 8670
4258 3483
0 0
3153 7606
0 0
0 0
2817 0
0 0
2934 5236
449 0
9577 9402
3229 2498
0 0
0 0
535 5816
2996 0
4501 759
2728 0
0 0
9338 8865
0 0
1515 0
0 0
0 0
143 5794
2764 0
0 0
9877 0
6230 0
9132 6512
7009 0
8290 0
9513 0
0 0
2542 0
4930 7393
0 0
0 0
7657 647
0 0
9958 3637
3145 62
0 0
0 0
1736 784
2893 5663
7648 4474
5481 3315
5090 0
5429 1781
0 0
5655 1102
7588 668
6480 9624
0 0
0 0
2401 0
793 2602
6605 0
953 3736
0 0
0 0
815 0
9459 0
8007 0
5908 0
8058 0
5352 0
0 0
4312 0
788 8288
1537 0
8374 3238
9881 2803
7887 7803
7279 0
0 0
4993 5530
5963 5438
0 0
0 0
0 0
3277 5248
5592 6941
9903 0
5921 6319
0 0
1719 9930
1429 0
1454 3973
0 0
7780 0
7544 3422
1957 5255
866 7201
0 0
0 0
8993 1325
3767 0
9245 1332
3010 0
6855 8453
7347 0
4173 9544
0 0
5939 6608
9842 0
8281 0
4836 0
0 0
5610 7836
0 0
0 0
9757 9863
1238 0
8555 9786
5067 0
6114 6620
391 4971
5716 6226
8821 7767
5580 9257
3089 3563
7288 0
1965 0
3629 2805
4903 5971
530 1928
4696 84
2861 0
4697 0
2513 0
2007 0
0 0
1760 3269
0 0
5930 2058
4158 3406
0 0
0 0
6012 0
1132 1382
5435 6078
1609 2256
958 0
0 0
0 0
0 0
9981 3884
4364 0
2347 0
0 0
7649 8883
3019 999
0 0
4255 7115
0 0
7313 5937
0 0
0 0
7311 0
4692 4478
7091 9599
7901 2971
107 7016
1967 5207
212 9071
0 0
0 0
2754 2244
9710 6868
4524 2161
0 0
5079 1195
5879 8761
8245 5932
501 450
2523 0
2226 0
928 0
4470 0
1279 0
7695 0
4983 0
0 0
4960 2512
5775 7812
8434 1896
0 0
9672 3232
1313 0
2713 0
0 0
0 0
0 0
269 0
70 0
3961 0
2818 0
2177 6653
0 0
623 0
0 0
0 0
467 51
7220 0
1367 3987
0 0
4329 0
0 0
0 0
5851 6817
0 0
3670 6918
7192 0
7106 9373
0 0
0 0
0 0
4677 0
0 0
2165 0
0 0
8767 734
761 0
8499 0
2319 0
771 9806
0 0
6105 5300
8189 7905
0 0
0 0
0 0
5730 5396
0 0
340 0
1695 0
5703 8228
0 0
0 0
3803 0
0 0
6191 4820
6886 0
2997 0
0 0
6493 0
9707 303
3749 7034
0 0
6421 9117
0 0
5439 0
0 0
0 0
1843 263
3022 0
4519 0
9168 6818
5096 2389
0 0
0 0
1757 7025
5622 9745
3510 5817
0 0
0 0
0 0
9469 2515
5780 6846
1223 8240
3513 1990
2159 0
9264 7488
3562 6406
7754 0
3067 6680
1366 0
9645 1705
3859 0
3692 1776
0 0
9600 0
10 9688
0 0
0 0
1241 2104
9571 0
0 0
7275 9656
2915 5711
0 0
4540 0
8025 4122
0 0
0 0
0 0
0 0
6109 4539
9692 5822
2051 229
0 0
3501 2683
1802 6373
2175 4724
1018 8423
5160 0
0 0
0 0
8460 0
0 0
6587 0
2291 7911
0 0
8814 7314
9169 1543
2346 7062
8638 688
4410 7965
3215 665
1834 0
6184 6042
0 0
0 0
0 0
0 0
0 0
0 0
6658 0
9612 5186
7324 9655
9558 0
0 0
2312 4914
0 0
1593 0
6619 9698
0 0
0 0
0 0
8497 0
0 0
9203 0
0 0
1852 0
0 0
3494 7960
0 0
3473 180
3288 5175
7428 2770
0 0
1922 0
6168 9152
508 0
0 0
7806 1568
5600 9818
0 0
1893 0
0 0
9530 1574
6286 0
7078 0
4236 2974
4844 0
2329 0
5370 0
2302 6208
0 0
0 0
9912 0
8113 763
6033 2601
0 0
250 6966
4164 0
1969 7918
2188 643
0 0
2125 5705
3489 0
0 0
6823 0
0 0
3441 0
3446 0
0 0
729 9935
3980 0
0 0
1160 1494
0 0
0 0
5767 0
0 0
0 0
7995 4146
0 0
7945 0
7705 7745
4533 220
0 0
2852 0
4053 0
3733 7824
1032 9793
1331 8568
1495 0
4640 0
1135 6939
3590 2135
9023 8887
8447 13
0 0
0 0
0 0
7405 0
295 0
6577 912
0 0
5976 0
7007 0
6533 0
0 0
0 0
272 0
0 0
6747 6906
388 0
6670 144
7858 0
0 0
7679 3575
0 0
8451 5954
8649 5778
0 0
8991 8180
0 0
4689 3719
0 0
4096 0
1825 9022
0 0
9170 0
0 0
7362 5056
0 0
9227 6733
2719 3342
5769 4845
1680 0
927 0
1027 0
4902 5992
133 0
0 0
2189 3933
0 0
3913 0
4871 0
6022 0
8182 0
4869 0
946 9868
0 0
7217 0
6186 6151
8413 0
0 0
1518 4937
6960 3211
0 0
0 0
0 0
0 0
2088 0
0 0
2910 0
6076 0
9675 8167
0 0
9494 1344
6560 8275
0 0
9114 0
7457 7508
0 0
3597 0
6428 0
9521 0
9826 0
6981 1451
7212 2380
7865 8930
7211 0
7856 9857
5221 2734
0 0
2666 0
0 0
0 0
0 0
0 0
4317 7947
2323 0
0 0
337 0
8485 0
0 0
6167 0
0 0
7343 0
0 0
6713 0
6978 8531
0 0
7513 0
0 0
9760 0
9464 6192
2124 2773
317 0
232 9617
0 0
3887 6876
4484 0
6157 4163
0 0
7382 0
6418 9215
0 0
0 0
3646 5717
0 0
6079 3356
6837 0
0 0
8097 0
3098 0
0 0
0 0
0 0
9343 0
0 0
0 0
2356 3748
0 0
2593 2963
6494 0
9528 0
7540 4305
9561 0
34 6380
9679 7455
5282 4476
0 0
1190 0
3172 9503
0 0
0 0
8842 0
7461 0
5852 0
3753 0
358 0
6644 8036
5801 6940
0 0
0 0
0 0
9027 0
0 0
0 0
1273 2335
7242 5834
3560 2853
0 0
0 0
8217 1972
1577 0
5849 0
0 0
9540 0
0 0
0 0
0 0
0 0
8703 5000
0 0
5873 0
0 0
0 0
8352 0
0 0
1090 4811
0 0
2273 8267
0 0
6734 0
257 7956
5050 0
2214 0
4055 1079
5249 0
1450 0
0 0
108 0
6976 2608
1676 0
0 0
0 0
0 0
4446 6905
0 0
807 0
243 7972
9613 0
0 0
9947 0
8668 8201
0 0
5986 4891
0 0
6147 3158
6342 4907
5603 9470
122 0
0 0
6582 0
1201 7390
7935 3339
0 0
0 0
0 0
1177 0
7399 0
9250 0
5195 7060
0 0
0 0
2038 1880
0 0
0 0
3808 1278
0 0
0 0
0 0
0 0
0 0
4034 6382
4774 0
0 0
0 0
4017 3823
0 0
0 0
3154 6889
0 0
6762 9951
0 0
451 6100
2483 3130
8141 0
3890 6919
1774 8437
0 0
7722 0
5720 7983
7077 0
0 0
4167 0
0 0
6173 6511
0 0
9371 0
3034 0
8349 4430
2479 0
4555 3871
0 0
6193 0
0 0
2249 2856
6437 3944
8412 0
662 3005
4770 8150
9647 4361
0 0
0 0
9491 6592
0 0
8963 9184
6749 0
3424 0
0 0
0 0
5335 0
0 0
6051 0
8394 3261
0 0
8885 0
2873 9108
9249 0
6211 0
5698 4230
8941 0
5171 0
0 0
4336 646
0 0
2092 4188
1723 0
6505 2793
9316 0
3419 1449
9507 0
0 0
9145 0
9576 0
7137 6222
5216 0
7485 0
1335 8316
181 0
0 0
8430 0
7796 0
0 0
8047 0
0 0
8920 0
0 0
0 0
9846 6356
740 0
5493 4030
4472 628
0 0
975 7753
1791 1610
8868 4572
0 0
1805 0
4029 3815
1343 9925
4213 0
1707 0
0 0
0 0
0 0
0 0
0 0
3793 7073
8312 0
6647 0
5229 0
1064 537
7811 0
0 0
0 0
998 5577
0 0
0 0
28 0
0 0
0 0
1811 1561
9541 0
7636 3889
0 0
5756 0
4806 3140
8443 9333
3231 589
1901 0
3941 7440
0 0
0 0
1044 8984
0 0
9185 9391
0 0
0 0
7356 8193
0 0
0 0
0 0
0 0
9000 7446
567 0
0 0
8329 0
7276 4145
549 0
650 2872
7984 0
1686 0
0 0
3826 6517
1677 0
3251 0
7640 582
0 0
0 0
6698 2682
940 0
9317 1008
7755 0
540 3515
7959 0
919 1228
4195 0
0 0
8353 1383
7908 0
0 0
0 0
0 0
0 0
6249 6177
5594 0
2933 0
0 0
0 0
0 0
2930 6625
0 0
3374 0
5366 5550
4039 6007
6038 9327
8769 0
6703 7510
9222 0
5970 3921
6666 0
9377 7121
7948 0
837 0
4257 8486
3924 2475
0 0
0 0
9416 0
0 0
3179 0
5813 18
865 7846
0 0
134 0
0 0
2472 0
4791 0
8092 0
0 0
2134 0
1815 3531
0 0
9060 0
0 0
1544 5687
0 0
0 0
9602 0
9572 9159
0 0
0 0
3372 0
0 0
0 0
7112 3878
1282 0
596 7734
7912 0
0 0
8227 656
6559 0
0 0
5422 0
72 420
5967 0
0 0
9400 7358
6223 3632
0 0
0 0
0 0
0 0
5892 7761
0 0
7365 149
0 0
4990 4268
3326 3963
4599 0
0 0
6461 0
8435 4934
0 0
0 0
0 0
9942 8735
0 0
216 267
5872 0
8850 0
0 0
8663 0
3206 6697
5737 6843
541 1157
2357 0
6624 9077
3308 0
364 0
0 0
0 0
0 0
9941 373
0 0
9887 0
0 0
2264 8936
8687 0
5162 0
8872 0
4742 7174
2218 6311
1089 278
4306 9980
9539 0
0 0
0 0
1949 753
0 0
1076 0
0 0
3985 334
6108 0
0 0
0 0
0 0
7864 7271
6937 714
8280 0
6883 0
0 0
0 0
8601 0
0 0
0 0
4858 2905
9436 3345
6049 6759
0 0
4609 0
0 0
5299 3554
2987 0
1790 0
3340 2801
0 0
9495 5708
0 0
0 0
140 0
0 0
1930 0
0 0
7511 0
255 0
1158 0
0 0
0 0
3013 1442
0 0
0 0
0 0
1940 0
0 0
1832 0
0 0
0 0
7458 5494
0 0
0 0
5747 0
0 0
0 0
0 0
3197 0
6084 0
0 0
0 0
5973 4659
396 0
0 0
9704 2640
4399 7114
1302 0
0 0
4876 0
0 0
50 0
0 0
2510 0
9926 1598
0 0
0 0
8815 2459
0 0
361 0
2913 2326
9411 0
0 0
9143 0
0 0
0 0
2574 0
1213 848
5719 0
3058 3945
1163 0
0 0
4383 0
0 0
4620 2359
3241 8005
599 0
7166 0
0 0
6731 621
1237 0
4288 2831
8173 4874
1443 0
8440 5750
6176 1665
5994 9591
0 0
4910 7483
4416 4989
1827 4522
0 0
8003 0
7048 1854
9711 0
5225 8657
0 0
0 0
0 0
0 0
5369 151
8483 0
3119 0
0 0
7230 5585
0 0
5951 0
9955 0
7469 0
4439 3431
0 0
0 0
1691 0
0 0
9519 7157
0 0
6309 0
0 0
6718 0
7402 0
0 0
6794 0
0 0
2438 4064
0 0
8390 1885
3586 4866
0 0
6044 0
1771 0
2639 5288
2152 7479
5140 6497
0 0
6942 5904
9490 5796
1539 9866
0 0
0 0
2681 342
5928 0
8188 0
1174 0
0 0
2931 0
0 0
0 0
9160 0
5832 0
6930 8880
2732 8375
0 0
750 0
0 0
0 0
8401 0
526 129
2251 731
0 0
2210 0
3150 0
1618 0
8506 7578
0 0
0 0
5978 5740
5632 9301
0 0
5855 3830
56 0
0 0
5372 0
0 0
1035 3665
0 0
1475 7622
8441 0
7697 2445
838 0
0 0
0 0
8525 3085
3408 6635
8012 5690
2718 0
4933 0
8059 0
8542 6988
7404 4458
2444 9526
922 6229
2292 5858
7787 0
4943 0
1621 0
1043 0
2039 5753
8233 4798
8974 0
8225 0
7029 7703
4046 9292
8493 0
0 0
0 0
0 0
3498 0
9011 6277
0 0
0 0
6977 0
3728 718
5712 458
1179 2634
0 0
7123 0
0 0
1371 0
2690 0
2932 3837
0 0
2985 0
0 0
9798 0
7643 8908
4573 1087
7363 8755
2499 0
3026 4795
2094 0
8442 3233
6091 0
0 0
3111 0
0 0
5957 0
627 3540
0 0
0 0
3309 0
0 0
7517 5723
5569 2656
1503 7580
0 0
0 0
1150 0
1209 0
3855 663
0 0
3031 2434
1341 4755
9595 0
3656 446
69 3565
8578 0
0 0
9736 0
7460 0
4119 9669
2875 6359
142 0
0 0
6744 0
1304 8901
0 0
0 0
8196 0
7282 0
9280 246
0 0
1406 0
0 0
7369 524
2427 0
2481 7967
606 0
0 0
0 0
0 0
3142 347
0 0
0 0
4699 0
0 0
0 0
0 0
345 6059
3915 4626
0 0
0 0
0 0
0 0
1317 0
821 0
8327 5211
8860 9430
9897 5540
1841 2816
3937 0
3280 9157
3710 0
0 0
0 0
0 0
600 9542
2240 4746
5375 0
2313 9272
0 0
8851 1898
3681 0
1718 9828
0 0
5044 0
557 0
0 0
2171 0
0 0
1347 4649
700 0
0 0
8736 4503
0 0
0 0
2937 4604
3651 4223
0 0
9432 0
1763 0
1115 0
4864 0
8476 0
463 0
0 0
0 0
8236 1883
6550 0
7316 0
0 0
6284 0
0 0
2975 0
6593 0
0 0
0 0
0 0
6626 3112
0 0
0 0
0 0
2407 3289
0 0
0 0
2176 0
5279 0
3469 6857
8569 0
499 4089
7463 0
2951 5114
8637 0
2257 0
3378 0
8098 0
0 0
5751 6448
0 0
9609 0
0 0
0 0
4515 7464
5416 0
4676 2547
0 0
0 0
1700 0
0 0
5002 9640
6724 9198
2004 0
0 0
6366 4946
2196 0
9875 0
0 0
0 0
0 0
8037 0
0 0
0 0
4209 2557
397 5102
9590 5936
2630 4490
6455 0
8579 0
0 0
0 0
7575 0
0 0
3604 0
1617 0
0 0
8203 0
9687 9218
0 0
0 0
3003 0
7509 9770
6087 4915
4641 1001
0 0
7586 0
3064 0
0 0
3666 8372
20 0
0 0
4973 0
5280 0
0 0
58 6613
2744 0
0 0
6488 4883
3007 4092
0 0
7351 0
5617 5812
0 0
0 0
0 0
0 0
878 0
2487 0
5051 3569
8222 0
2888 0
695 0
5611 2184
8693 0
3601 0
9676 0
0 0
0 0
9584 4291
0 0
0 0
0 0
1084 0
0 0
7020 9997
0 0
9623 0
0 0
2527 0
7546 0
561 0
4646 0
0 0
8033 4197
7342 0
0 0
2023 0
0 0
8328 0
0 0
3506 0
9557 6125
2044 1614
2274 3885
0 0
0 0
0 0
1104 0
8711 0
354 8866
1085 0
2147 7180
5487 0
8370 0
5910 4843
0 0
4131 0
8731 4166
7737 0
9192 6945
6264 0
0 0
5578 4432
1242 902
7685 3548
9311 7547
4731 0
5538 0
0 0
8528 817
0 0
575 9029
6583 1905
4132 0
4171 874
296 9381
7090 7421
9933 0
4542 1021
4109 6547
7164 0
1762 0
2956 0
9259 9700
0 0
5057 8210
170 6737
3139 3138
6305 0
9248 0
1782 0
0 0
0 0
1137 5586
0 0
8923 3055
0 0
0 0
9307 0
1410 0
3658 9694
8480 5878
0 0
9829 8219
3146 0
0 0
0 0
5688 4865
1407 0
0 0
8659 3948
2707 0
9827 3075
0 0
2144 0
3319 0
1116 1365
8118 0
2169 0
0 0
0 0
0 0
1226 0
0 0
7391 5964
0 0
6486 3398
812 0
0 0
0 0
0 0
5421 5119
9725 0
0 0
0 0
0 0
0 0
1294 0
6207 0
9986 0
1808 7639
4372 0
6248 0
5395 490
1243 850
0 0
8620 8701
0 0
8862 0
0 0
4400 0
7289 2568
0 0
0 0
4295 0
9771 0
8592 0
0 0
4908 7027
6351 0
5925 371
311 1522
5419 3120
1596 6599
0 0
0 0
9428 0
4783 1075
2388 8075
9233 0
0 0
0 0
2862 376
0 0
0 0
4623 2993
0 0
8524 9212
6268 0
9302 0
7682 3989
0 0
6584 6955
6532 0
2316 0
3060 7205
570 0
1581 9552
8011 8971
0 0
5770 0
0 0
0 0
4396 0
5738 3593
5178 0
1798 4194
7243 128
0 0
9442 7893
0 0
0 0
0 0
0 0
3188 0
6107 9251
7762 0
0 0
5668 8816
6756 4413
0 0
2005 0
3018 2679
5802 0
0 0
5529 2569
5367 0
2163 0
3825 0
1229 1855
7750 0
8771 7323
0 0
8174 0
1119 5356
4709 0
4441 880
4334 0
7942 5415
4981 7287
0 0
7366 0
0 0
145 8100
0 0
0 0
1012 1929
0 0
0 0
0 0
0 0
5489 9603
9546 0
0 0
9740 1933
1623 2966
0 0
3442 9670
2753 0
2239 0
6393 6575
7304 2607
2659 0
0 0
5789 0
0 0
0 0
0 0
4376 0
0 0
0 0
8039 5661
0 0
0 0
1874 8337
0 0
5615 8970
0 0
0 0
6602 889
0 0
6296 0
7414 0
3458 572
4605 0
0 0
0 0
6690 2735
9858 0
0 0
0 0
4300 0
8518 0
7966 0
9578 0
0 0
6440 0
6020 9447
0 0
1632 0
0 0
0 0
4859 1630
2448 4388
3133 0
8494 0
6910 1839
0 0
95 6779
0 0
2284 8644
0 0
0 0
8302 4294
9812 3399
9851 0
0 0
514 0
9355 0
1207 9395
5979 0
0 0
7850 0
9254 0
310 0
0 0
0 0
0 0
0 0
7076 0
7980 332
0 0
0 0
0 0
5384 3786
859 466
1392 6748
0 0
670 0
6180 0
8686 8818
9018 0
0 0
244 218
1766 0
7623 1133
0 0
8364 4831
3255 0
769 2771
0 0
0 0
0 0
8672 5293
3757 0
4957 2774
9375 0
3747 0
0 0
1189 3802
0 0
9164 0
7138 7265
0 0
0 0
0 0
1320 0
0 0
0 0
3553 0
4773 0
748 0
0 0
7770 0
6424 0
0 0
5281 5678
406 185
0 0
2592 7881
8053 0
2606 0
9046 1397
4821 0
305 0
0 0
8715 8315
3062 7072
7777 0
0 0
2290 0
2688 9240
0 0
4951 4495
3996 9354
3533 8790
9937 0
0 0
9936 9365
0 0
5166 0
5452 8002
0 0
5920 5124
0 0
6842 0
3892 4481
0 0
2684 4984
0 0
5387 8221
5153 0
0 0
0 0
11 0
0 0
9666 0
0 0
8277 8567
1491 0
5120 0
9243 8482
7467 5528
0 0
3216 2137
6767 6732
3740 9508
0 0
758 0
6633 6348
5224 0
9433 0
8348 9984
0 0
6150 0
937 5371
0 0
1612 6081
435 0
7919 2172
0 0
8675 0
8475 0
378 2733
673 0
3659 0
4275 0
9919 7225
0 0
0 0
0 0
7293 0
0 0
0 0
2228 0
4274 873
2845 0
583 5344
8257 955
8102 1687
5173 0
0 0
0 0
73 5181
0 0
0 0
0 0
0 0
5842 0
5898 0
3236 0
1696 7629
1645 0
418 0
2336 0
1948 4103
5880 9756
9954 4403
0 0
7656 335
7124 2127
1508 8770
5145 0
1280 0
5325 9329
2450 4203
0 0
0 0
0 0
2128 6786
3114 2591
5273 1998
184 5474
0 0
0 0
7350 0
4460 0
0 0
2116 0
5048 0
1952 135
8590 8242
3841 0
0 0
148 770
2800 0
0 0
0 0
804 9348
8676 0
7618 297
0 0
0 0
1540 0
0 0
3780 8138
4237 7219
3677 280
4273 0
1455 1882
182 8125
9453 0
4456 0
0 0
5081 0
0 0
8561 8707
9252 4134
0 0
8265 0
2288 7689
0 0
0 0
4424 0
0 0
1497 4464
8099 0
2028 1735
7714 0
0 0
3054 5984
4210 4251
0 0
3906 0
7883 8296
6285 517
5483 0
0 0
6825 3246
0 0
0 0
1029 6985
5212 0
9899 0
9583 0
0 0
1142 6089
0 0
3363 1807
8720 0
3525 0
0 0
7251 8779
9396 0
7227 0
1433 0
6530 0
6018 0
4143 0
0 0
6761 9075
0 0
0 0
9751 0
4083 2449
0 0
0 0
0 0
0 0
9820 0
0 0
5506 2162
0 0
0 0
1111 5132
9775 1982
8726 0
5417 8975
905 6255
7613 2539
4571 0
3082 7683
0 0
0 0
1120 2855
0 0
0 0
0 0
2583 5414
0 0
4184 1191
0 0
0 0
0 0
3465 8308
754 1245
4669 88
1749 0
9427 8786
0 0
5888 0
3463 6431
8298 0
9543 2784
5782 0
412 9924
0 0
0 0
0 0
7691 0
3496 6580
8044 5502
0 0
0 0
5809 0
8351 0
5638 6933
0 0
3617 0
4402 3161
5772 9646
4054 3333
9889 4644
0 0
0 0
1722 0
0 0
0 0
1706 0
9350 2879
0 0
5683 6911
2929 3787
9492 6720
5122 3132
0 0
6069 2759
4972 8565
0 0
9690 0
9374 5513
0 0
9574 8979
4338 0
0 0
825 0
0 0
9978 0
9258 6973
6621 0
9366 0
0 0
0 0
934 6132
6439 0
4671 2821
5316 0
7234 4704
0 0
617 8325
9206 1387
0 0
0 0
7915 0
175 6775
5034 3194
6097 0
43 0
0 0
0 0
0 0
3429 6849
0 0
5604 9378
5036 0
9904 0
3953 6040
1396 0
2543 0
842 1046
5508 5363
327 0
2909 0
8262 0
6543 2015
824 0
0 0
0 0
1297 0
2206 4771
9637 0
9455 0
0 0
7398 5182
4884 3432
8292 0
6118 4561
9390 845
1055 2810
8405 3151
3680 0
909 6651
8050 0
3041 0
159 2766
8817 0
6369 256
3416 2140
6859 0
9837 0
0 0
3856 4592
9748 741
304 6548
0 0
4346 2133
0 0
0 0
607 0
7591 1857
7800 9483
3460 0
9181 0
7043 0
0 0
0 0
0 0
0 0
0 0
0 0
0 0
1611 0
887 5647
0 0
925 1436
4528 1835
0 0
0 0
8373 0
3900 7466
6950 0
6139 7868
4168 0
154 4415
1759 8621
5551 437
0 0
7608 0
0 0
0 0
8165 2466
0 0
0 0
6436 0
5652 0
8829 1144
3745 0
2245 23
0 0
0 0
0 0
3615 0
0 0
0 0
7577 3532
9299 0
7952 4390
0 0
8694 0
0 0
0 0
2055 8436
0 0
0 0
7662 0
2458 0
0 0
7058 0
0 0
5095 6349
9385 0
282 4016
9673 3186
1551 0
2025 3201
9747 0
981 0
1336 8890
7401 0
0 0
0 0
8610 5637
0 0
4754 9522
1615 591
2778 9345
1315 9454
4608 6456
0 0
2740 0
5684 7135
7187 1418
0 0
3182 0
5819 0
6781 9488
7359 6711
0 0
0 0
1936 6370
4084 0
9102 1100
4301 0
8380 7783
6695 4849
9072 0
0 0
1806 9384
4326 7949
8264 7051
9082 0
4707 0
5659 0
0 0
3365 0
7748 7305
2660 0
0 0
0 0
8096 0
4185 0
0 0
1628 0
2195 3036
5268 1633
2851 0
1155 0
0 0
1572 1844
9080 0
0 0
2940 0
0 0
0 0
0 0
2072 0
4262 0
6148 0
0 0
1974 4963
4011 0
172 0
661 0
1755 0
8321 9848
0 0
6535 3795
0 0
0 0
6931 5311
0 0
4231 0
7066 9322
1221 1607
9310 0
0 0
9716 3990
1409 0
0 0
0 0
0 0
7805 0
0 0
0 0
2663 0
2087 0
0 0
6074 5473
22 0
2424 3866
2096 3796
1048 0
2149 739
0 0
3605 1421
8421 7977
3426 4630
2477 2950
0 0
0 0
0 0
9520 0
1266 0
0 0
4050 562
0 0
8322 0
6745 0
0 0
0 0
6741 0
5257 0
0 0
1812 8289
5451 0
0 0
0 0
0 0
1408 1668
0 0
9352 0
7898 0
3756 4001
2229 2827
9527 0
4102 0
8681 6415
5593 1259
6612 9045
2406 8256
0 0
176 9398
7594 2921
7523 3090
4433 5844
0 0
0 0
6564 597
8465 7259
2393 0
0 0
8171 5884
0 0
7736 5450
6343 0
0 0
6691 964
6413 2842
0 0
0 0
9067 8502
0 0
2967 6244
2626 8961
0 0
0 0
2032 7830
7701 0
4269 0
1039 4235
5566 4549
9323 528
0 0
0 0
0 0
5276 0
4049 0
0 0
0 0
3587 0
8431 8992
9638 6792
972 6103
0 0
190 0
0 0
3012 0
1230 5499
1702 2486
6636 0
0 0
840 9856
0 0
1918 2297
9931 2791
1164 0
9318 6006
0 0
7019 5484
0 0
0 0
0 0
0 0
687 5759
0 0
5454 0
8832 9221
0 0
1976 4924
0 0
9769 5226
9893 2442
300 0
5795 1616
9849 0
0 0
0 0
4695 0
9588 2797
0 0
3974 0
0 0
0 0
6763 0
0 0
0 0
5826 0
8231 790
0 0
4817 6102
3283 0
7210 1270
1148 8276
1987 9940
0 0
89 0
0 0
1038 155
6824 6064
4417 0
0 0
0 0
5343 0
0 0
274 0
6017 0
0 0
6090 8841
75 0
7213 6555
2422 867
7431 0
8606 9208
0 0
8452 0
0 0
9512 0
4797 0
0 0
0 0
0 0
97 0
0 0
0 0
0 0
9728 0
0 0
5003 0
4666 0
0 0
785 0
2151 3715
0 0
0 0
8259 2742
199 5589
2390 0
1346 8170
4357 0
2884 0
2045 4563
6537 550
4706 0
6475 3592
0 0
1583 0
4296 7781
7696 9487
0 0
9874 0
4110 686
2644 0
5804 0
4373 0
0 0
5327 4719
6215 2012
0 0
3576 3084
752 0
0 0
3910 7567
1153 1362
6130 7651
7829 0
9379 0
1002 8729
5598 2635
0 0
9885 0
4075 8743
3886 0
1740 3842
0 0
0 0
339 3818
6066 0
3880 0
1240 0
0 0
4656 8077
1062 0
0 0
2026 8042
7329 5306
6407 2432
0 0
7125 0
0 0
8807 0
0 0
0 0
0 0
0 0
0 0
0 0
0 0
2063 0
2698 8463
8831 0
4873 0
2906 8584
6401 0
2381 0
0 0
892 0
3544 5541
0 0
9261 0
6627 66
1945 0
0 0
4548 0
5251 6634
9662 5710
0 0
8917 0
0 0
3367 0
1669 0
4961 0
6027 7153
0 0
767 0
7378 0
8837 8300
382 9463
0 0
6205 0
8563 4675
2824 9685
0 0
0 0
3881 0
1197 0
2747 0
0 0
4491 0
5263 3102
0 0
0 0
0 0
0 0
5714 0
0 0
6856 474
0 0
1476 0
5704 7549
0 0
433 0
3858 4395
6774 4285
6520 0
0 0
0 0
3066 7776
59 0
5626 4703
3895 3129
6646 0
8160 0
3240 0
6127 0
0 0
3242 4678
3411 0
5495 6928
4344 7841
9582 1446
0 0
4287 0
0 0
0 0
2729 5903
6515 0
3602 2320
7681 53
9122 0
7867 6465
0 0
7871 5694
0 0
0 0
3360 0
2981 0
0 0
0 0
4635 0
2902 0
0 0
0 0
0 0
0 0
9474 8030
9253 7723
0 0
0 0
6506 0
6371 0
4297 0
0 0
4645 0
830 0
0 0
3452 0
3951 0
7337 616
0 0
8389 4411
2613 0
8758 851
4008 0
0 0
0 0
0 0
94 2267
5785 0
0 0
0 0
6392 891
87 6943
1513 0
0 0
1180 3117
5061 7766
0 0
0 0
0 0
9458 4242
0 0
0 0
2687 0
492 4220
0 0
0 0
8074 869
3652 7074
7808 0
8049 4330
5715 2215
4221 0
2988 289
7885 0
0 0
8294 0
989 8035
0 0
5127 8636
2180 4086
1872 0
0 0
2891 0
3879 0
5931 0
0 0
7353 0
8184 1380
74 8091
2799 0
380 8101
5701 9753
0 0
0 0
7017 9891
5156 8488
4785 2652
7459 7992
3305 351
1708 0
493 9861
0 0
612 0
0 0
0 0
0 0
3450 9699
5017 0
8956 3048
2337 0
3839 8551
9888 4189
0 0
9178 4762
8706 963
2835 0
7570 0
6477 1324
1224 30
110 0
3152 0
0 0
4733 0
112 0
0 0
8893 7897
6470 0
0 0
1512 4454
8273 0
712 0
1480 4892
8183 0
0 0
3228 6798
8010 8520
0 0
7426 9309
328 0
1083 0
3714 7257
4929 9092
708 6202
0 0
0 0
6178 0
0 0
0 0
8395 0
0 0
6617 4526
0 0
4835 1458
0 0
0 0
0 0
2520 2596
0 0
2692 7128
970 1523
0 0
3522 0
236 2255
0 0
3307 3579
7041 0
0 0
7089 6920
1185 2089
7816 0
9809 0
1269 3291
0 0
3116 0
7002 8383
0 0
0 0
7059 2309
0 0
0 0
3123 5341
0 0
0 0
0 0
3809 9853
0 0
1821 6746
0 0
2362 0
3389 7987
0 0
835 0
564 1099
2571 5027
8859 9109
0 0
2247 165
0 0
0 0
0 0
2633 0
7419 0
6827 0
8066 0
0 0
7394 6056
3162 0
1146 0
6143 5956
0 0
8304 0
7345 5667
0 0
0 0
0 0
8556 0
0 0
0 0
61 4207
1900 1689
0 0
0 0
0 0
7507 8108
1538 6358
3904 0
0 0
5218 7030
9194 0
0 0
6944 0
5151 5783
9219 0
9466 3088
0 0
0 0
4965 0
0 0
962 0
6472 0
0 0
0 0
8662 0
9581 0
9057 0
0 0
5774 0
4313 2947
978 7284
3988 0
1389 2664
4461 6427
9289 8470
3379 0
0 0
0 0
7044 3737
6420 5006
0 0
0 0
5492 4349
1379 3396
2903 1096
0 0
2495 5060
0 0
0 0
2324 0
8466 7690
363 0
0 0
5962 0
0 0
2230 8056
3975 4282
0 0
7552 0
39 0
8365 5996
2942 6467
6352 0
779 0
3476 4980
3551 8978
7144 0
8297 8759
5696 0
2453 0
2467 0
7678 0
0 0
3834 0
0 0
0 0
6337 8362
5172 0
2610 0
6463 0
0 0
1935 279
4517 1865
0 0
3493 8710
1942 0
6225 0
3347 5945
2275 6086
1653 3264
0 0
0 0
2412 3250
8845 0
0 0
9965 3746
3175 0
0 0
0 0
0 0
0 0
9154 9677
4337 1078
7520 0
5845 0
6544 0
9643 653
0 0
0 0
2101 3321
0 0
5025 0
0 0
0 0
3905 9768
3934 0
5943 0
0 0
1097 0
2922 0
0 0
881 0
5918 8721
8900 2350
0 0
5287 7159
3517 9193
8386 1878
8554 6010
8046 9049
5455 8339
3846 0
0 0
0 0
0 0
8004 6969
9387 0
0 0
9967 0
0 0
7550 0
0 0
0 0
4749 0
0 0
117 6892
6390 2825
3157 0
0 0
1025 2321
1660 7132
1434 0
0 0
2984 0
0 0
8608 6199
7530 0
1162 0
1291 0
8646 0
5136 3868
225 4875
0 0
6372 0
7774 3766
7268 9335
0 0
0 0
9841 173
2433 0
5906 0
0 0
0 0
1202 0
2280 539
523 0
8303 2355
5215 0
7376 0
0 0
8964 4140
416 0
0 0
720 6376
0 0
9733 0
8696 9197
7340 8513
4497 1067
0 0
0 0
8284 529
3414 457
3541 0
355 1644
1595 0
0 0
4486 0
7465 0
0 0
7784 6655
0 0
7742 8566
0 0
6808 0
4367 1801
610 0
0 0
3509 2436
586 0
4002 680
1023 0
852 0
3853 0
6628 0
2224 0
9305 336
0 0
0 0
6709 5864
747 9902
4384 0
7837 5699
3486 0
0 0
8777 2658
7548 0
4448 0
7595 9784
2605 7542
0 0
98 0
0 0
0 0
0 0
8597 0
3247 0
7109 6138
7478 0
0 0
7646 1391
4107 0
0 0
8684 5854
0 0
0 0
5313 6120
4272 0
7933 9277
0 0
2024 0
0 0
8185 0
5713 7146
0 0
2614 5636
6676 4392
6009 0
2474 7357
0 0
3464 8432
1559 0
7973 0
9144 0
620 8713
8619 3449
2700 5657
0 0
9502 0
5535 3037
0 0
3332 8778
0 0
5894 0
0 0
0 0
8766 0
9297 0
2250 0
6391 164
0 0
1485 5768
0 0
9210 9180
0 0
0 0
6822 7527
0 0
1778 0
0 0
0 0
6971 8484
352 8366
0 0
3901 0
1511 6959
0 0
4726 271
0 0
0 0
0 0
1601 0
0 0
0 0
9439 9514
0 0
1017 0
6083 9004
1306 0
3461 6462
0 0
0 0
0 0
0 0
0 0
0 0
7199 1126
6803 0
6153 0
0 0
2619 0
0 0
783 0
8604 7322
4911 0
0 0
0 0
8631 0
0 0
6852 3490
0 0
0 0
8340 0
0 0
8001 0
1717 9246
4825 8745
7675 0
9974 6481
191 0
3039 0
2042 3578
0 0
2081 1520
0 0
0 0
4356 1970
0 0
0 0
496 9131
2454 7996
111 5823
0 0
8028 0
0 0
1915 0
0 0
3734 0
0 0
5558 5038
6806 9005
5112 0
8863 5788
0 0
0 0
8149 0
640 0
8468 0
6598 8361
0 0
8013 0
4838 0
0 0
1777 0
0 0
8572 0
0 0
0 0
3669 0
5080 495
4033 0
6273 7989
5643 8016
1262 0
0 0
2895 3962
7634 0
7732 0
6228 0
8409 0
5630 0
5033 0
0 0
7079 7773
0 0
3205 0
1129 0
1290 2863
0 0
7341 0
5041 2383
0 0
4547 9403
0 0
3107 0
158 0
484 0
4668 0
0 0
7216 0
1631 7087
0 0
2953 3964
0 0
0 0
6238 0
5164 3638
7904 4653
0 0
0 0
1986 0
7720 5399
7388 7599
764 0
2586 0
0 0
0 0
4266 5824
5875 3664
0 0
0 0
0 0
8588 4974
5042 9409
0 0
0 0
0 0
0 0
2211 6972
9847 3275
6850 5364
0 0
2190 0
0 0
6864 8951
9714 0
1107 5464
9626 0
1958 0
0 0
3523 9573
3727 0
7524 0
8205 0
3415 0
8914 4520
4022 0
9855 0
979 0
8622 0
326 8643
3466 0
0 0
5828 0
0 0
5066 0
0 0
6116 0
6632 7379
7367 2482
0 0
0 0
5329 5086
4199 0
0 0
5149 0
3791 6591
7903 0
0 0
9013 6656
6354 0
0 0
9744 0
0 0
4062 9112
6280 9450
7233 3820
6140 7711
4389 3675
8252 0
829 789
4793 0
4966 2843
0 0
0 0
3260 9017
8819 0
6935 0
0 0
9535 0
0 0
0 0
3732 0
8954 0
2106 0
4192 8459
0 0
6142 0
0 0
0 0
6412 0
0 0
3281 0
1231 0
0 0
2631 5392
4038 0
8655 0
9339 4214
7477 9419
0 0
4598 0
2070 4100
0 0
7913 968
9417 0
2365 0
3591 0
0 0
0 0
0 0
0 0
0 0
0 0
4263 8218
6934 0
3822 6104
8126 0
1208 0
0 0
0 0
1789 2259
5521 0
1465 6552
6471 0
2595 8089
0 0
4105 1390
1921 0
0 0
0 0
0 0
5111 0
0 0
0 0
0 0
0 0
0 0
4025 0
7254 0
7874 2624
0 0
7514 0
194 5394
1381 9660
1947 0
8611 0
258 0
598 0
0 0
0 0
0 0
0 0
0 0
0 0
9041 0
0 0
6650 1307
0 0
1961 0
0 0
1416 0
5871 0
2787 0
4855 0
0 0
0 0
9462 5926
470 1112
0 0
0 0
0 0
8744 8408
7274 0
0 0
481 0
9554 161
3959 0
5744 4657
2530 0
0 0
0 0
0 0
9654 7512
2567 0
5420 0
0 0
2126 0
6903 2976
0 0
8981 0
5969 8350
125 9565
439 0
0 0
6820 7487
0 0
0 0
7572 0
7746 1457
5301 0
4353 3983
4019 7844
0 0
9567 0
2110 0
5846 5787
0 0
187 0
6829 7222
780 2437
9286 0
0 0
3212 5597
0 0
5261 3176
5046 0
2071 0
275 0
0 0
4968 1009
9438 0
0 0
4591 8791
7961 0
9383 816
9247 0
3774 0
202 2561
1738 2062
6379 0
0 0
0 0
6760 6594
1619 3927
8238 5365
1678 8867
0 0
8020 7645
9421 7619
8913 9044
1161 2672
0 0
487 5478
0 0
5911 8754
6047 9701
1108 4912
1849 4259
9971 0
2717 861
5161 738
2769 0
5432 0
0 0
8137 4680
9633 3097
7579 2661
8765 0
9382 0
0 0
1973 0
9141 0
3613 0
6135 5304
1861 0
0 0
9493 0
0 0
9726 0
0 0
1423 4009
7501 0
5389 0
2900 3470
0 0
8976 4405
3373 766
0 0
4986 5629
0 0
0 0
2470 2305
0 0
697 0
2711 1822
4409 2587
0 0
0 0
0 0
8415 0
8892 1641
0 0
1575 0
1275 0
5985 0
4233 0
0 0
9511 0
0 0
3368 4040
1467 45
0 0
594 4469
8708 288
0 0
0 0
2170 4133
8669 0
3248 3721
3649 6688
0 0
0 0
0 0
0 0
5907 0
1127 0
4756 0
9315 0
5677 0
5453 0
1462 5562
1809 0
0 0
1258 3181
321 704
7409 8889
0 0
251 0
0 0
4391 497
0 0
291 1484
556 0
0 0
3438 7445
6631 0
0 0
0 0
0 0
0 0
669 2318
2859 0
8471 0
7098 5155
0 0
0 0
0 0
2691 7526
1303 0
9061 8996
0 0
0 0
0 0
0 0
8392 0
0 0
8107 0
8562 5645
9239 5052
0 0
6360 929
0 0
8510 3030
4988 0
0 0
5991 0
0 0
6832 0
520 4234
0 0
3644 6331
2865 4683
8763 0
0 0
0 0
5966 7849
0 0
4886 3447
2008 2281
5869 71
0 0
5735 0
0 0
2120 2451
2457 454
5353 0
6363 0
0 0
9817 4996
0 0
760 0
0 0
0 0
0 0
4362 0
6287 0
5899 1937
9598 0
0 0
0 0
0 0
2047 4321
0 0
7840 7658
0 0
436 4595
0 0
3290 5063
4606 5509
915 0
0 0
2570 6840
0 0
1793 2391
7344 0
6053 1767
5015 0
4589 0
0 0
8213 1188
6085 1350
5998 2468
2918 3200
0 0
7502 0
0 0
4358 6159
8146 0
8134 0
8587 8079
3418 5351
394 312
5408 6963
8086 8921
286 6802
827 0
6705 0
0 0
6279 0
2460 9201
7291 0
7028 6232
0 0
1923 0
9960 0
9859 0
4244 8691
0 0
0 0
0 0
2440 4867
0 0
0 0
0 0
2095 0
4073 3155
4090 0
6590 0
7306 0
4977 3413
6405 9480
0 0
7993 5390
0 0
1080 4385
0 0
2333 1962
9788 4708
8547 875
0 0
2469 7710
8065 0
5138 2298
6862 7743
0 0
0 0
5933 6243
0 0
0 0
5518 7334
0 0
0 0
904 0
0 0
6640 3000
0 0
0 0
7799 0
0 0
2212 4823
0 0
776 0
1246 0
9035 0
6791 1994
0 0
0 0
7616 8495
8616 9461
3202 0
3454 0
5013 0
0 0
0 0
1532 0
6389 9802
2340 0
0 0
0 0
5091 0
5524 2187
0 0
0 0
4744 959
0 0
0 0
0 0
0 0
7866 7038
0 0
9445 0
1525 1779
6891 0
4687 0
0 0
9697 624
2777 0
0 0
9592 4240
3210 2501
2946 2603
0 0
9321 1393
8268 6062
8985 1931
2948 1357
8738 7666
9917 0
8788 201
2876 1710
5064 8537
6589 7957
0 0
2944 0
0 0
1322 0
0 0
103 7970
4449 0
0 0
0 0
3371 1206
0 0
5946 0
693 5269
1420 0
1210 0
1682 0
0 0
0 0
1547 0
6061 0
3620 0
5546 584
0 0
3708 0
9579 7661
9620 8272
0 0
0 0
0 0
0 0
8882 8169
8131 4615
0 0
284 0
7417 6669
0 0
0 0
0 0
65 7587
0 0
0 0
3254 3178
0 0
1946 6254
0 0
3772 9107
3329 0
4553 3314
0 0
8595 7991
6618 802
4406 0
0 0
0 0
0 0
0 0
0 0
1895 3671
0 0
0 0
0 0
0 0
4781 8306
9477 0
0 0
7927 8417
7434 0
7598 1254
9213 4705
9815 0
0 0
5106 0
0 0
0 0
9580 0
5146 0
9050 9862
1479 2955
5564 0
5948 7876
4150 8899
3778 2145
0 0
9604 7861
8319 5383
0 0
8674 9135
0 0
0 0
0 0
4081 924
6438 0
4716 2924
0 0
0 0
6551 0
3433 0
4723 4896
6946 9186
5425 3845
0 0
0 0
7096 7266
4852 7108
0 0
4931 3854
9840 0
3136 0
3546 8797
3220 0
0 0
9486 6070
6169 0
6302 0
5612 0
2965 7986
2616 3641
0 0
0 0
0 0
3660 5032
0 0
5545 79
5682 0
0 0
4567 0
1995 2473
3083 0
2168 5909
0 0
1178 2775
0 0
0 0
1319 0
9752 0
4129 5317
0 0
0 0
7385 1569
0 0
0 0
0 0
0 0
2848 0
5099 8503
7597 2091
8654 1904
3768 6194
0 0
8140 9435
2332 6540
0 0
0 0
0 0
5559 6464
5469 0
0 0
6196 0
983 5736
0 0
3304 0
3595 0
2662 6119
0 0
1975 890
0 0
0 0
0 0
0 0
4787 5728
9804 0
9883 976
8853 6145
5726 0
0 0
0 0
5605 0
7286 0
6387 124
9819 0
0 0
8360 7208
0 0
4130 897
0 0
521 2327
773 4738
9275 8114
4927 9799
0 0
0 0
6270 0
538 1536
8874 1914
8090 0
0 0
0 0
7214 0
2285 4076
0 0
9189 1024
0 0
0 0
3164 0
0 0
0 0
698 6706
6819 0
2236 4108
0 0
3661 0
0 0
1847 0
0 0
1244 0
0 0
6082 4318
0 0
0 0
1110 0
7272 0
0 0
8847 8813
5275 5047
8456 0
9766 0
0 0
0 0
0 0
3042 0
24 0
2655 8926
1506 0
9927 7814
7258 1594
6772 0
6227 0
5089 0
0 0
9562 0
4751 0
5887 0
3472 0
0 0
0 0
423 0
9774 0
2706 299
5031 1338
1316 0
6609 0
9992 0
0 0
7181 0
0 0
1739 0
0 0
0 0
3053 7556
2822 3653
0 0
2521 0
8261 9182
5222 52
0 0
8490 8403
8846 0
19 7296
2763 7953
0 0
9833 8154
7749 0
0 0
0 0
3777 8751
0 0
0 0
860 0
4111 5411
6330 0
8080 348
2579 9568
0 0
2518 3943
3385 9844
7506 5919
0 0
4162 0
0 0
7654 0
0 0
0 0
0 0
4204 0
6860 6048
427 0
0 0
8387 6218
469 0
4303 0
4895 93
3282 0
15 1218
8359 7068
5583 6558
533 7396
0 0
9048 7873
0 0
3137 8163
1274 8760
6236 5829
9746 9126
0 0
0 0
0 0
5355 0
0 0
7200 4165
8377 9762
0 0
0 0
0 0
1117 4860
0 0
4117 9220
5072 0
0 0
4078 0
7321 0
786 9689
0 0
8129 0
5206 0
6422 3063
7167 0
7659 3543
0 0
2402 8190
0 0
266 0
5240 3348
0 0
5386 9737
7032 6566
8368 8043
0 0
9120 1214
5639 5290
0 0
8888 6516
5491 0
9608 3166
9150 5500
5968 2885
0 0
9133 0
2736 811
1897 0
3662 6800
0 0
0 0
1655 0
0 0
4314 2677
0 0
8680 6888
0 0
0 0
7456 5477
0 0
3538 8571
2802 0
9224 0
6072 3559
5101 0
5749 9446
0 0
1312 863
1888 0
2828 1602
0 0
939 0
0 0
5831 0
0 0
349 7182
0 0
8439 0
0 0
9111 0
0 0
5196 0
5680 0
0 0
3589 6799
1402 5315
3377 8000
3923 459
996 0
5185 0
9605 0
0 0
0 0
545 0
4775 2191
0 0
0 0
0 0
813 9028
6410 0
0 0
0 0
6836 0
9975 0
3912 0
195 3295
6987 0
6639 0
0 0
7444 0
0 0
0 0
5194 5340
0 0
0 0
8211 9066
3693 0
0 0
9742 4351
0 0
1438 0
6663 0
1597 8103
6776 0
5023 9922
0 0
8869 0
4786 440
2675 0
4333 0
0 0
8884 1193
9312 7914
1550 0
0 0
8176 407
692 0
4737 9069
0 0
0 0
0 0
0 0
7081 0
9886 1349
2040 3898
9803 8215
0 0
0 0
9328 2167
997 6310
9795 0
8029 0
150 8844
0 0
0 0
2429 8783
1361 0
8241 0
0 0
1353 1430
1960 0
7715 1553
1040 0
0 0
9783 1721
0 0
0 0
6611 3717
261 0
0 0
3572 0
2129 0
1656 4661
2531 6395
0 0
48 4444
2945 0
0 0
0 0
3387 2232
9635 4938
5896 7820
0 0
5697 2883
1088 8959
0 0
0 0
0 0
1182 3381
0 0
0 0
0 0
3274 3596
8473 8849
7264 0
6752 6441
3549 4512
3899 8911
7582 1926
0 0
1535 0
4686 4745
9678 0
6501 7097
0 0
0 0
1487 0
1732 0
0 0
6771 7884
877 0
2490 1748
5718 0
0 0
259 1912
0 0
0 0
477 8367
7633 1985
9651 9956
17 0
1265 9473
0 0
0 0
0 0
7149 1292
0 0
3696 4691
4205 5077
0 0
0 0
5547 4814
0 0
8283 3545
0 0
974 1673
0 0
0 0
0 0
6796 0
7642 0
8630 0
0 0
948 0
5402 3009
9501 756
7672 0
0 0
558 4374
6479 0
0 0
2928 1424
2926 9882
0 0
0 0
4217 8009
0 0
0 0
3511 8966
1236 3716
292 6252
7518 0
0 0
0 0
2674 3322
5624 0
0 0
0 0
9977 0
0 0
0 0
3122 7503
2792 4045
1906 8787
0 0
5810 5640
489 3434
0 0
0 0
8406 4857
0 0
0 0
1661 6281
5916 6904
3931 8647
3266 0
6154 7515
0 0
2916 0
8685 0
7310 0
3475 0
0 0
9074 0
5428 0
0 0
0 0
0 0
0 0
0 0
0 0
119 0
0 0
309 0
602 7561
0 0
4341 0
6378 930
9641 0
0 0
0 0
2553 0
0 0
109 0
6758 0
25 0
8773 8142
8199 2394
0 0
9083 5381
7261 1196
0 0
9478 0
0 0
6874 3874
1493 7707
4196 0
2589 4658
590 0
1415 0
8781 0
7442 0
1170 4552
3993 0
0 0
0 0
2194 2752
7373 383
166 5247
4952 96
1057 0
7273 2431
0 0
7301 0
3109 4975
3986 9993
0 0
6510 9094
0 0
3764 0
3574 9538
3752 0
6657 0
0 0
832 0
7541 0
7122 7326
1746 5029
9536 0
0 0
3029 0
0 0
0 0
4581 0
0 0
1627 0
0 0
5426 0
2629 6110
0 0
506 0
5449 1541
8634 7040
0 0
3047 8940
7739 0
6095 0
0 0
1659 0
401 2342
7190 0
9843 0
0 0
8615 5227
8910 0
8106 0
0 0
7498 2067
0 0
4917 849
5441 0
6187 0
0 0
0 0
4465 0
0 0
5094 5409
0 0
0 0
3936 4450
6522 8121
1198 0
4325 0
0 0
0 0
0 0
0 0
0 0
8967 0
0 0
3636 0
0 0
3876 0
57 3500
0 0
9090 1941
2575 0
9344 0
0 0
2122 2796
0 0
4956 422
6190 0
313 8589
6725 2016
4513 6526
4013 4766
0 0
1751 0
318 0
4613 0
7183 0
417 0
2767 4607
1622 0
0 0
3015 4331
0 0
809 0
1333 0
3861 0
205 171
0 0
9229 961
370 0
0 0
4995 0
4379 0
4967 0
0 0
9907 6220
2904 0
8285 6416
127 0
430 6489
0 0
0 0
0 0
0 0
0 0
7015 4529
0 0
8291 0
0 0
3699 0
0 0
3838 0
0 0
7832 9001
6983 9392
0 0
7854 0
0 0
0 0
0 0
7346 3775
3303 0
7585 3170
9234 6567
6217 1554
4277 3028
9121 0
0 0
3539 762
0 0
1639 0
3694 2182
9869 1552
9255 8830
9906 2558
1959 0
3982 6809
0 0
9860 0
4841 0
6058 0
0 0
7554 9448
0 0
6573 8144
7099 3169
0 0
1838 8474
0 0
5811 9628
0 0
8410 6397
0 0
0 0
1464 5777
8232 9440
0 0
6833 0
8632 0
8957 0
0 0
7162 0
5582 3790
398 0
6429 0
2443 0
8509 6671
3624 0
0 0
3149 0
0 0
5758 0
55 0
0 0
1727 0
1850 0
0 0
4718 5191
0 0
4371 0
4861 0
5556 0
0 0
1453 0
6702 0
1725 3706
3588 0
5373 4101
0 0
0 0
3069 0
5516 0
2830 4471
7539 6585
5941 7163
0 0
4712 432
5204 5576
1556 0
5486 5082
5674 0
7922 0
379 0
0 0
6423 1113
2820 5504
0 0
0 0
8553 0
4378 7152
4764 0
6586 5436
6341 0
160 2048
0 0
6478 0
5108 8897
8876 0
393 0
0 0
7333 4759
543 7294
4160 2243
8145 0
3816 3191
0 0
8527 0
2556 588
3770 0
4310 0
4278 0
6999 0
456 8596
5815 8946
0 0
8969 8024
0 0
7403 0
8538 8679
4056 0
0 0
6826 0
5289 0
4721 5272
2314 0
3686 0
1376 6303
0 0
0 0
0 0
3916 2272
0 0
4440 0
0 0
3386 0
3608 287
2841 0
504 5960
826 5850
0 0
6902 0
0 0
0 0
0 0
5542 2678
0 0
916 0
0 0
7331 906
0 0
0 0
0 0
651 9424
0 0
9586 7438
7435 479
5977 5346
0 0
5174 4976
0 0
0 0
7360 0
1588 5656
6500 0
0 0
0 0
0 0
26 8953
168 9805
0 0
4429 9876
0 0
6396 0
3439 0
0 0
3443 7522
0 0
1745 7562
5177 0
0 0
6509 0
9444 0
0 0
0 0
0 0
8800 6665
0 0
2478 7592
5302 8331
7236 4309
0 0
6765 0
0 0
0 0
3338 0
7475 5533
2310 9838
5123 0
706 6961
5881 2353
2114 0
330 0
0 0
0 0
7538 0
8995 491
3508 0
0 0
0 0
6936 608
6871 0
189 0
0 0
5385 0
1003 0
9412 0
6674 5725
4475 0
3301 4380
0 0
0 0
1786 0
0 0
0 0
8363 3021
0 0
0 0
6909 9773
1300 0
2890 1141
372 0
2710 0
5549 1533
0 0
7798 0
9270 0
0 0
1504 0
4452 92
0 0
6160 0
0 0
0 0
9095 2322
7626 8181
3257 7008
0 0
2534 1752
8266 4575
1690 0
0 0
4394 9979
0 0
794 0
3068 0
0 0
5148 0
6851 957
907 0
7775 6195
0 0
0 0
7958 0
0 0
0 0
0 0
1405 0
0 0
7772 0
4566 0
9895 0
8017 0
7260 0
0 0
1469 0
8673 7482
3328 0
1488 3984
0 0
4651 8820
0 0
0 0
9708 0
0 0
7407 0
7700 0
5308 0
431 4128
0 0
3353 0
0 0
9394 5520
7246 6179
847 2983
711 6052
7490 6411
1876 0
2957 7765
854 8132
0 0
0 0
9087 0
0 0
0 0
2199 0
0 0
0 0
0 0
2580 0
0 0
6364 0
7083 0
4427 0
0 0
1917 0
8656 7354
5935 5004
879 0
4200 0
1726 419
2959 4239
0 0
2054 5900
9123 0
7601 0
9865 2962
5953 8014
7494 0
0 0
0 0
9715 9765
3528 0
5334 0
5792 7907
0 0
0 0
7988 0
7741 0
7596 0
3203 0
4690 7853
9162 0
0 0
0 0
0 0
9088 4558
2227 1121
2584 6962
4224 0
9928 8143
0 0
8983 0
210 3061
4227 0
0 0
3805 0
3147 0
0 0
4202 7189
8854 193
0 0
9423 9361
0 0
49 1401
6753 2536
0 0
1729 0
0 0
2263 7224
0 0
0 0
0 0
5074 5184
4906 0
9703 0
6780 7389
3935 0
0 0
7495 8458
0 0
896 1323
6336 2392
0 0
3412 2886
7474 0
6908 4256
8326 3978
0 0
1026 2079
7758 9499
4603 0
0 0
0 0
0 0
0 0
6835 9661
3967 9825
6576 0
0 0
8586 3445
0 0
5117 196
0 0
799 8965
857 0
9792 7838
1172 8462
9518 0
0 0
0 0
0 0
2299 6068
9884 0
9772 0
6714 8916
0 0
4087 7143
1330 0
1711 0
6332 9408
8379 0
9336 4596
0 0
0 0
5437 0
1603 7380
8982 735
4840 0
8937 4684
0 0
1337 0
3896 8385
828 0
0 0
9295 0
7789 0
5068 6210
7203 1770
0 0
4507 7943
0 0
0 0
8719 0
0 0
7818 6328
5326 0
7551 0
9973 0
862 2628
0 0
8660 0
654 844
6024 5296
7771 4068
945 0
8496 0
3244 0
1829 0
7807 0
410 0
2494 0
8690 0
0 0
0 0
1318 8812
5860 2233
4322 4939
7813 0
4024 2612
9845 0
0 0
4079 0
0 0
6055 4958
0 0
3703 375
9278 0
3100 9153
3954 0
0 0
0 0
0 0
0 0
0 0
0 0
4307 0
0 0
0 0
0 0
0 0
0 0
4462 7888
8798 8955
7094 0
9081 3351
4920 9418
1773 6457
2173 2103
4286 0
0 0
6638 4789
9016 9484
1804 8825
2179 0
0 0
6912 0
6322 0
9723 0
0 0
4270 9358
563 7432
139 4511
8088 4036
1253 7171
0 0
0 0
7521 7879
1372 0
0 0
1281 4187
0 0
7532 0
0 0
5671 0
0 0
0 0
0 0
9615 0
4757 0
6789 0
7018 8433
2864 0
703 5085
3972 743
5197 346
7834 7828
8094 0
9388 0
0 0
6212 3218
724 0
7118 9556
778 0
6495 2727
0 0
1853 0
6643 5568
0 0
0 0
0 0
0 0
5332 0
0 0
765 0
994 0
5574 0
9062 0
8873 0
0 0
9653 9665
0 0
7698 7848
0 0
7929 0
6811 820
0 0
5176 0
4005 0
5168 0
8072 0
344 0
1071 4369
8399 5103
153 0
4941 0
2339 0
0 0
0 0
0 0
0 0
0 0
2476 1301
0 0
8607 757
0 0
9205 519
5286 5781
3851 0
0 0
5271 8402
5859 0
0 0
7317 9529
1321 0
152 0
116 0
0 0
2019 9148
9901 7504
0 0
5084 0
7186 1125
0 0
6588 9273
0 0
0 0
2689 3811
7778 5152
0 0
5620 0
0 0
2961 7751
8093 7285
0 0
0 0
6898 6096
8148 8309
8564 7752
2739 7067
1529 6831
0 0
4502 4872
4208 7604
5627 0
1634 0
9943 0
4493 132
0 0
9078 0
722 3724
5482 0
0 0
0 0
0 0
4570 0
0 0
415 6433
6610 0
2198 2001
324 8907
7395 8924
8135 0
4319 0
0 0
234 2599
0 0
14 0
3619 0
8968 6288
0 0
8823 0
0 0
2097 0
8958 0
8871 4498
3343 4175
2566 3519
1842 0
0 0
0 0
0 0
0 0
3198 0
1640 1924
0 0
0 0
7387 7938
2686 0
2858 0
1626 0
7053 0
4468 5242
4839 4909
7335 6887
8665 8740
8896 0
9533 5312
2496 5982
6839 0
9422 7680
7471 7338
2185 803
0 0
0 0
0 0
0 0
5641 0
0 0
3284 0
1600 9755
7418 2849
3127 0
4070 0
2131 329
0 0
0 0
8194 0
3174 0
1590 6240
3448 0
6304 9498
0 0
0 0
2308 9084
7564 0
0 0
1016 6667
0 0
0 0
2554 7065
7823 0
0 0
9349 0
7674 0
7292 1058
0 0
0 0
2990 0
0 0
9342 0
3294 6161
2252 7348
0 0
146 0
3992 0
0 0
0 0
0 0
8652 0
8857 3865
3313 5239
0 0
0 0
0 0
9269 3263
8293 0
0 0
0 0
0 0
9892 5761
0 0
5360 4525
0 0
0 0
0 0
0 0
0 0
4032 9406
0 0
6032 0
4541 4919
7262 0
9918 0
8347 0
2020 0
0 0
5588 0
0 0
0 0
8508 2814
0 0
0 0
0 0
5459 8054
3603 0
5618 2085
933 0
2669 690
8603 0
9235 8600
8692 0
4260 5865
5190 8229
6329 0
3437 0
0 0
0 0
5763 0
7191 240
3744 0
536 4215
0 0
217 0
4015 7566
0 0
6112 64
9990 0
3219 0
7472 0
0 0
2174 2526
6754 0
5975 5523
3183 0
0 0
2282 0
6735 0
0 0
7920 1432
0 0
1701 0
7006 2363
6913 0
4466 0
0 0
9093 7779
4601 5927
3930 5490
7450 0
0 0
846 3230
460 559
7439 0
8780 814
482 0
644 4810
0 0
0 0
0 0
1582 6514
3667 1555
0 0
0 0
0 0
1580 0
2535 5913
810 3789
0 0
7001 2238
3369 7110
6790 0
9764 3337
9625 1486
6165 8313
4027 0
9649 0
0 0
4743 0
5019 3542
6077 5412
9963 4420
2029 3828
0 0
3762 0
1264 4621
805 0
8152 0
4590 0
2209 6394
4316 0
1482 5648
7877 7725
5058 9713
7499 0
8472 1586
0 0
8026 1081
1837 1528
0 0
3468 3225
0 0
0 0
3642 0
1672 0
0 0
9966 0
0 0
0 0
5144 0
9758 9545
8501 1030
7747 0
2958 3237
2317 6257
8785 4419
8492 1662
222 0
3971 2107
0 0
1845 0
226 2086
6652 0
9042 0
4532 7071
3956 0
0 0
462 500
9106 4193
2680 0
0 0
0 0
0 0
0 0
4829 0
2897 0
1374 1608
3628 2056
6998 1563
1220 0
7397 1175
3813 8689
2080 0
0 0
7318 0
8728 0
3141 0
0 0
0 0
8645 0
0 0
0 0
3287 7142
0 0
5193 2155
0 0
0 0
792 0
3797 9068
0 0
0 0
5741 0
755 0
0 0
9585 2387
1730 0
9026 0
7451 4147
565 29
1557 0
1010 0
0 0
1562 0
8704 4964
9999 5337
4824 0
5333 7617
8324 0
4885 7269
0 0
0 0
6234 6777
0 0
9187 1015
0 0
2132 0
4763 0
5098 0
8111 8045
0 0
1086 0
0 0
0 0
4176 4097
3310 5961
476 0
8752 3420
7686 0
7531 6088
1784 1255
5265 4106
0 0
0 0
237 0
2435 0
6219 0
5005 0
5929 9642
736 0
6260 0
9214 1013
5220 0
4265 4422
413 7713
0 0
6320 0
0 0
6721 0
2049 0
1989 8768
0 0
0 0
494 0
9313 0
8446 2254
1636 0
4094 3033
2532 9101
8545 2502
0 0
0 0
0 0
9836 0
1637 0
7 5543
0 0
9781 715
0 0
0 0
2119 6158
503 8214
0 0
954 0
822 5752
0 0
1328 0
3430 0
5021 1507
9594 1521
6381 949
207 2986
689 0
0 0
9510 7895
0 0
6034 0
0 0
9051 1685
0 0
614 2878
5267 0
0 0
1881 3262
6872 7759
0 0
3812 7161
3864 0
5905 8737
0 0
0 0
4959 0
453 472
0 0
1187 0
1398 0
1118 5309
0 0
4482 7325
0 0
0 0
7103 9104
0 0
5571 3221
0 0
0 0
0 0
0 0
0 0
0 0
3335 0
1758 0
8263 1944
0 0
5692 6729
7202 0
8305 3168
9734 0
0 0
9964 3227
0 0
8667 8861
5584 5843
3144 242
0 0
2665 0
0 0
421 0
0 0
2901 473
9664 0
0 0
709 3370
409 0
0 0
8775 3847
0 0
0 0
5779 3583
0 0
0 0
8651 0
0 0
4360 7733
6679 7024
3071 0
1359 4808
8628 0
2425 0
2896 6885
0 0
9652 399
9969 6677
3674 4414
4142 2374
1448 9211
0 0
6377 0
9629 9547
1963 7968
0 0
0 0
7652 1966
9038 3869
0 0
787 0
0 0
0 0
8246 7443
3272 0
6844 0
7054 0
9671 3952
8301 0
8986 4047
2517 0
4720 0
7093 0
5653 0
3526 9776
0 0
0 0
1813 0
3888 0
9631 0
9008 174
8658 99
0 0
0 0
0 0
0 0
5210 2246
7923 9331
7420 0
1795 0
8425 2158
5320 2551
4031 0
0 0
0 0
3395 4922
0 0
0 0
0 0
4953 3477
0 0
0 0
0 0
6838 0
0 0
6900 5480
4556 0
0 0
0 0
0 0
5839 9794
4238 0
0 0
0 0
6554 8682
2399 0
3555 9452
1033 1716
3566 9475
0 0
1072 1136
1816 1560
0 0
7330 4382
7232 4455
0 0
2751 0
0 0
7886 7140
2854 5807
2765 1156
903 0
4562 0
1256 9007
5531 0
4947 0
0 0
2500 0
5475 0
4794 8177
1000 3276
2334 8972
5069 0
6367 7822
5461 6518
1864 0
9523 0
0 0
0 0
1499 1006
7882 0
0 0
0 0
625 2618
0 0
2982 4530
7563 1037
3911 0
657 0
6175 0
9125 1011
5676 8505
0 0
3001 0
483 6200
2417 7788
9021 0
2462 0
0 0
0 0
0 0
0 0
6155 4352
0 0
0 0
3213 7277
7760 9334
6361 1964
1045 0
6170 6490
1074 0
7448 0
3960 0
7430 4702
0 0
4437 0
3771 9987
1768 0
7900 0
6878 3226
1992 9303
4962 6990
0 0
8756 6841
6649 0
4 8416
3051 0
0 0
1474 0
4279 943
0 0
5642 0
605 3994
0 0
5016 0
5259 3950
414 0
5126 5709
485 0
0 0
8746 0
4536 713
186 0
0 0
0 0
0 0
4492 0
3801 9086
0 0
0 0
6241 0
4546 0
4580 0
3701 0
7148 6400
0 0
0 0
2562 4954
0 0
8172 9821
4813 5468
0 0
3561 9759
5187 188
9636 0
0 0
2447 1629
0 0
1846 0
8714 0
3902 0
6452 4480
0 0
3108 3571
0 0
1980 0
0 0
4879 7930
5800 8206
8664 0
0 0
7061 0
5167 6292
8973 0
4438 8919
2899 0
950 8639
9741 9724
5170 0
0 0
0 0
7999 1567
7694 0
5283 0
6063 6384
0 0
156 9308
4435 5321
1925 7954
8477 0
7576 0
0 0
1489 5827
0 0
0 0
0 0
2480 0
0 0
3581 0
5087 283
1151 0
8801 6019
0 0
2030 0
0 0
0 0
0 0
2360 3995
0 0
0 0
8073 0
0 0
0 0
0 0
0 0
6314 0
2260 1105
9898 8618
0 0
8235 0
2446 8333
525 0
0 0
7625 0
7255 0
0 0
5192 1370
0 0
9177 9079
6984 0
0 0
4904 0
8915 8334
3502 0
1887 7105
0 0
0 0
4020 3883
0 0
9618 9404
3977 3297
4925 130
0 0
8076 0
4848 2649
0 0
8933 0
0 0
9429 8270
6181 1466
3873 3357
4998 0
357 0
0 0
3300 0
2307 0
338 0
0 0
228 0
0 0
0 0
8727 774
544 1516
0 0
6188 0
0 0
0 0
4643 0
0 0
3759 0
2588 0
8422 0
3684 2404
8450 2193
6991 942
1154 9129
7880 0
7042 4940
2269 3265
4633 6890
0 0
5054 8344
5874 4949
9065 0
2548 8426
8487 5107
6030 0
7574 655
553 6123
0 0
434 0
0 0
0 0
0 0
5548 0
0 0
629 7676
8742 0
8925 7267
0 0
0 0
4178 0
0 0
0 0
0 0
0 0
2785 0
424 2715
985 5348
0 0
0 0
0 0
0 0
5987 0
0 0
3110 0
4714 6275
2741 0
9460 9351
0 0
0 0
0 0
0 0
9854 0
4104 5606
0 0
8127 723
6235 0
0 0
0 0
7602 7706
0 0
2027 8540
1517 0
7473 0
1984 7875
1697 0
5950 4206
1824 0
0 0
5345 0
7139 0
498 7833
9607 0
46 4018
9782 8848
2620 3359
7729 6923
0 0
3052 0
0 0
1276 2623
0 0
0 0
0 0
1728 6251
0 0
4010 2428
0 0
0 0
4761 2405
2204 0
0 0
8808 3928
0 0
5028 0
0 0
0 0
3471 0
8549 0
1800 7660
0 0
5830 0
9282 0
3065 8653
0 0
0 0
0 0
7931 0
0 0
9616 0
8799 0
0 0
0 0
0 0
7971 1943
0 0
0 0
7145 0
8633 4870
8504 0