1000 577
359 346
172 887
858 0
0 0
913 921
0 0
27 0
864 400
955 0
369 0
184 0
967 924
269 678
956 0
0 0
9 0
0 0
0 0
419 734
173 0
454 0
0 0
0 0
0 0
566 0
593 863
362 0
0 0
0 0
0 0
753 277
435 0
436 35
0 0
722 707
524 0
0 0
0 0
0 0
884 0
0 0
0 0
507 0
207 0
838 345
996 633
638 0
480 77
0 0
807 0
0 0
816 746
39 0
0 0
945 70
194 471
266 0
299 868
528 0
148 583
716 665
72 0
92 907
0 0
965 306
467 0
176 0
495 521
0 0
366 712
862 0
344 720
655 0
0 0
0 0
91 453
43 261
902 0
178 170
301 0
313 699
0 0
0 0
616 755
725 74
491 0
909 809
474 802
646 601
645 0
193 0
0 0
152 387
0 0
943 0
977 351
999 594
787 201
0 0
380 0
314 830
0 0
166 0
388 998
243 0
34 0
901 0
0 0
0 0
347 0
154 337
0 0
919 0
795 335
0 0
13 643
0 0
0 0
0 0
289 0
0 0
0 0
741 0
468 192
829 679
959 0
11 341
0 0
384 0
0 0
653 697
227 0
978 0
424 122
497 0
0 0
786 657
0 0
0 0
0 0
727 640
0 0
0 0
0 0
420 0
0 0
361 501
262 0
0 0
410 0
0 0
0 0
613 920
811 0
159 457
0 0
0 0
951 0
270 455
869 0
476 7
0 0
533 0
0 0
0 0
772 0
565 0
914 0
875 702
560 622
0 0
118 0
0 0
59 995
0 0
142 0
672 0
0 0
354 0
382 461
546 0
0 0
363 0
0 0
857 832
0 0
810 134
587 865
831 0
953 0
0 0
878 0
715 0
0 0
186 399
0 0
131 0
390 0
0 0
0 0
973 84
0 0
0 0
0 0
4 0
404 0
748 329
742 0
723 545
744 0
0 0
0 0
2 0
0 0
514 729
916 0
315 140
285 518
0 0
620 254
539 0
158 46
221 0
205 0
763 925
41 17
0 0
683 856
256 598
504 0
644 0
607 171
175 0
738 946
0 0
986 365
155 96
183 319
428 0
0 0
713 0
477 0
822 0
942 0
438 432
0 0
750 892
0 0
0 0
767 710
0 0
0 0
0 0
0 0
934 0
561 900
24 0
418 0
574 0
113 0
0 0
776 0
0 0
83 530
987 0
0 0
10 910
372 639
0 0
0 0
143 0
625 163
540 0
0 0
0 0
0 0
0 0
30 0
323 199
621 475
0 0
411 0
0 0
296 0
58 0
423 590
376 0
687 0
0 0
429 188
462 80
982 0
103 443
798 0
0 0
191 0
385 0
18 440
481 431
808 0
0 0
226 997
208 0
76 564
0 0
0 0
0 0
496 0
0 0
666 0
988 79
577 0
271 898
358 417
877 0
0 0
888 762
20 0
210 0
975 357
0 0
68 484
627 0
311 814
0 0
222 0
991 0
618 441
938 15
985 302
295 0
0 0
0 0
0 0
336 220
749 324
144 267
48 0
0 0
0 0
45 0
456 124
214 0
408 116
81 448
89 509
651 0
0 0
719 0
652 0
0 0
682 0
150 0
494 0
305 195
0 0
0 0
430 781
0 0
412 693
0 0
0 0
0 0
526 1000
0 0
759 149
581 0
147 0
952 0
413 472
833 0
0 0
73 0
0 0
200 0
535 0
415 525
386 219
0 0
322 519
377 0
0 0
812 0
711 0
0 0
161 44
0 0
268 0
0 0
0 0
127 383
197 0
98 0
223 217
320 0
597 0
0 0
145 0
498 0
117 0
0 0
0 0
0 0
926 0
402 422
866 823
0 0
67 236
774 626
588 0
0 0
394 237
0 0
813 0
291 352
681 903
765 775
396 799
984 527
516 584
941 446
0 0
0 0
0 0
0 0
948 690
416 0
0 0
0 0
899 0
0 0
0 0
796 0
260 0
804 0
557 398
906 0
168 0
0 0
604 0
85 0
0 0
28 0
0 0
826 101
0 0
592 213
125 0
451 109
632 685
726 464
90 327
828 751
905 0
0 0
0 0
0 0
930 0
0 0
0 0
0 0
664 95
0 0
0 0
401 0
0 0
718 0
556 442
603 251
61 0
0 0
0 0
0 0
0 0
873 187
641 469
0 0
778 375
667 157
478 0
850 933
990 460
0 0
0 0
0 0
123 0
0 0
110 0
32 294
629 102
234 317
893 87
397 0
0 0
805 182
580 414
108 0
0 0
517 513
16 0
0 0
852 0
0 0
218 162
777 444
785 686
0 0
0 0
307 789
252 479
692 0
578 0
371 104
12 860
355 0
0 0
0 0
0 0
806 0
0 0
97 701
483 0
637 0
0 0
570 66
198 78
26 709
111 0
0 0
0 0
0 0
0 0
281 0
0 0
669 0
568 0
0 0
276 0
0 0
648 0
112 0
265 0
119 333
612 42
704 425
927 0
332 114
459 88
0 0
929 427
343 0
0 0
179 0
0 0
0 0
553 882
708 0
611 0
0 0
957 63
0 0
169 0
0 0
676 248
0 0
224 0
0 0
770 0
0 0
0 0
0 0
872 0
14 312
364 936
0 0
944 0
0 0
510 0
954 773
0 0
232 121
0 0
330 69
761 403
0 0
22 0
647 844
244 325
797 0
0 0
334 737
917 582
705 0
735 128
36 0
228 760
538 733
0 0
272 370
253 0
409 0
947 0
250 258
204 0
915 185
0 0
421 848
885 0
71 976
0 0
0 0
488 356
259 728
0 0
0 0
801 0
0 0
378 0
923 202
717 654
970 0
619 0
0 0
792 0
0 0
993 0
0 0
966 989
0 0
156 600
203 231
883 0
0 0
0 0
0 0
0 0
572 0
0 0
54 0
499 105
800 0
350 764
0 0
264 0
381 0
181 836
867 0
304 447
609 0
576 0
0 0
374 950
0 0
700 406
992 239
62 286
846 82
747 107
280 0
680 731
437 379
165 0
0 0
0 0
0 0
740 537
0 0
650 348
3 837
0 0
115 0
745 0
242 834
891 0
25 0
288 0
309 0
0 0
573 0
677 958
0 0
392 37
911 284
0 0
31 555
0 0
706 0
736 0
0 0
0 0
135 615
972 815
606 137
841 0
353 0
889 962
0 0
0 0
0 0
0 0
349 0
492 0
8 961
132 783
0 0
490 0
0 0
596 0
743 5
0 0
0 0
49 0
757 300
56 874
861 487
821 642
820 630
0 0
0 0
249 0
0 0
522 0
980 0
151 756
0 0
602 0
180 439
389 0
935 628
0 0
0 0
0 0
922 0
0 0
0 0
485 0
241 784
395 694
0 0
0 0
0 0
0 0
515 0
623 0
931 298
0 0
129 732
160 819
141 293
493 0
0 0
859 0
0 0
0 0
308 0
0 0
0 0
529 0
940 791
520 0
617 673
318 0
591 634
0 0
532 932
779 0
174 558
473 0
274 981
33 0
843 0
0 0
120 554
328 876
0 0
0 0
548 146
768 0
0 0
0 0
190 721
55 563
839 273
426 0
339 0
0 0
19 766
0 0
0 0
331 0
505 0
6 0
0 0
75 0
0 0
0 0
0 0
0 0
854 0
229 937
0 0
255 698
489 0
0 0
918 287
0 0
0 0
240 0
373 133
542 434
696 0
257 0
0 0
57 0
445 40
552 849
870 0
769 689
794 0
703 189
0 0
0 0
782 449
206 550
52 969
855 928
0 0
549 0
567 739
321 0
579 292
508 0
880 0
0 0
0 0
610 0
0 0
994 0
0 0
825 0
0 0
0 0
571 649
0 0
605 225
0 0
209 0
688 338
0 0
896 0
559 342
668 0
0 0
662 0
661 659
0 0
433 0
0 0
0 0
470 752
290 340
671 0
0 0
246 60
0 0
824 871
53 853
788 939
0 0
235 886
511 0
310 486
65 599
393 0
153 660
714 23
407 0
0 0
674 463
502 0
840 551
0 0
0 0
0 0
589 0
211 523
0 0
531 0
0 0
771 230
0 0
758 0
963 544
0 0
845 99
562 575
450 0
0 0
0 0
0 0
595 38
0 0
51 0
0 0
0 0
245 126
506 466
282 164
793 500
0 0
534 0
0 0
0 0
278 0
238 0
0 0
0 0
0 0
0 0
0 0
0 0
608 879
64 0
0 0
803 139
0 0
780 635
283 835
263 0
279 827
0 0
724 503
979 21
614 100
303 0
881 368
136 730
586 960
106 569
894 177
247 0
0 0
851 512
0 0
536 367
360 0
974 196
547 215
0 0
0 0
0 0
543 0
897 0
624 391
47 0
0 0
452 585
684 0
0 0
663 0
326 0
904 94
0 0
754 138
316 0
0 0
541 636
167 0
908 675
691 0
0 0
695 93
847 0
50 0
658 895
670 971
842 0
656 631
983 297
130 0
964 0
0 0
0 0
86 0
405 949
0 0
216 0
890 233
0 0
0 0
0 0
465 818
817 0
275 29
212 0
458 790
0 0
968 0
912 0
482 0